           0            0            0
-1.73121e-09  6.82661e-05  6.04216e-08
-1.54848e-05  0.000256722  1.45989e-07
-5.81855e-05  0.000550518  2.17507e-07
-0.000135665  0.000931829  2.74559e-07
-0.000251076   0.00138201  3.19419e-07
-0.000403548   0.00188326  3.53308e-07
-0.000588945    0.0024198  3.77198e-07
-0.000800887   0.00297868  3.92225e-07
 -0.00103193   0.00355017  3.99791e-07
 -0.00127473   0.00412771  4.01581e-07
 -0.00152318   0.00470754   3.9969e-07
 -0.00177322   0.00528799  3.87931e-07
           0            0            0
 9.34806e-07  6.14466e-05 -4.76608e-06
-1.25661e-05   0.00024603 -1.86094e-05
-5.27207e-05  0.000537488 -4.02034e-05
-0.000127347  0.000917561 -6.80309e-05
-0.000239837   0.00136748 -0.000100429
-0.000389534   0.00186935 -0.000135666
-0.000572476   0.00240725 -0.000172012
-0.000782398   0.00296808  -0.00020782
 -0.00101191   0.00354193  -0.00024158
 -0.00125367   0.00412211 -0.000271984
 -0.00150153   0.00470473 -0.000297973
 -0.00175135   0.00528799 -0.000318755
           0            0            0
-1.78811e-07  6.95504e-05  4.98631e-06
-1.66112e-05  0.000260994  1.89376e-05
-6.12055e-05  0.000557883  4.06447e-05
-0.000141261  0.000941591  6.85771e-05
-0.000259627   0.00139321  0.000101063
-0.000415146   0.00189491  0.000136366
-0.000603431   0.00243096  0.000172761
-0.000817906   0.00298854  0.000208599
 -0.00105098   0.00355808  0.000242376
 -0.00129525   0.00413321  0.000272785
 -0.00154457   0.00471035  0.000298768
 -0.00179493   0.00528795  0.000319557