1.38963e+25
1.15817e+25
1.18475e+25
7.56385e+24
7.88499e+24
4.07571e+24
4.25546e+24
1.60837e+24
1.67884e+24
3.30071e+23
3.47072e+23
 1.7706e+21
6.99906e+21
1.70174e+23
1.82475e+23
4.01959e+23
4.21701e+23
4.50472e+23
 4.7022e+23
3.01447e+23
3.16382e+23
9.87303e+22
1.15129e+23
7.99938e+20
1.43393e+25
1.09565e+25
 1.0925e+25
7.86546e+24
7.57389e+24
4.50754e+24
4.19177e+24
1.89421e+24
1.69641e+24
4.59283e+23
3.69515e+23
3.44276e+22
4.15576e+21
1.67986e+23
1.56075e+23
4.02796e+23
3.88606e+23
4.64146e+23
4.45202e+23
3.18889e+23
3.00988e+23
 1.0721e+23
9.55956e+22
7.83855e+21