1154.45
1518.62
1866.01
2003.26
2067.22
 2094.1
2102.06
2099.94
2092.38
   2082
2070.32
2058.24
2046.28
2034.69
2023.62
2013.12
2003.17
1993.75
1984.81
1976.29
1968.16
1960.35
1952.83
1945.55
1938.48
1931.59
1924.86
1918.27
1911.78
 1905.4
 1899.1
1892.87
1886.71
 1880.6
1874.54
1868.51
1862.53
1856.57
1850.64
1844.74
1838.85
1832.99
1827.13
 1821.3
1815.47
1809.65
1803.85
1798.05
1792.26
1786.47
1780.69
1774.92
1769.15
1763.38
1757.62
1751.86
 1746.1
1740.35
1734.59
1728.84
1723.09
1717.34
1711.59
1705.85
 1700.1
1694.36
1688.61
1682.87
1677.13
1671.38
1665.64
 1659.9
1654.16
1648.42
1642.68
1636.94
 1631.2
1625.46
1619.72
1613.98
1608.24
 1602.5
1596.76
1591.02
1585.29
1579.55
1573.81
1568.07
1562.33
1556.59
1550.85
1545.11
1539.38
1533.64
 1527.9
1522.16
1516.42
1510.68
1504.95
1499.21
1493.47
1487.73
1481.99
1476.25
1470.52
1464.78
1459.04
 1453.3
1447.56
1441.83
1436.09
1430.35
1424.61
1418.87
1413.13
 1407.4
1401.66
1395.92
1390.18
1384.44
1378.71
1372.97
1367.23
1361.49
1355.75
1350.02
1344.28
1338.54
 1332.8
1327.06
1321.33
1315.59
1309.85
1304.11
1298.37
1292.64
 1286.9
1281.16
1275.42
1269.68
1263.95
1258.21
1252.47
1246.73
1240.99
1235.26
1229.52
1223.78
1218.04
1212.31
1206.57
1200.83
1195.09
1189.35
1183.62
1177.88
1172.14
 1166.4
1160.67
1154.93
1149.19
1143.45
1137.72
1131.98
1126.24
 1120.5
1114.77
1109.03
1103.29
1097.55
1091.82
1086.08
1080.34
 1074.6
1068.87
1063.13
1057.39
1051.65
1045.92
1040.18
1034.44
 1028.7
1022.97
1017.23
1011.49
1005.76
1000.02
994.281
988.544
982.807
 977.07
971.333
965.596
959.859
954.122
948.385
942.648
936.911
931.174
925.437
  919.7
913.964
908.227
 902.49
896.753
891.017
 885.28
879.543
873.807
 868.07
862.334
856.597
850.861
845.124
839.388
833.652
827.915
822.179
816.443
810.707
804.971
799.234
793.498
787.762
782.026
776.291
770.555
764.819
759.083
753.347
747.612
741.876
 736.14
730.405
724.669
718.934
713.199
707.463
701.728
695.993
690.258
684.523
678.788
673.053
667.318
661.584
655.849
650.114
 644.38
638.645
632.911
627.177
621.443
615.709
609.975
604.241
598.507
592.773
 587.04
581.306
575.573
 569.84
564.106
558.373
552.641
546.908
541.175
535.443
 529.71
523.978
518.246
512.514
506.783
501.051
 495.32
489.589
483.858
478.127
472.396
466.666
460.936
455.206
449.476
443.747
438.017
432.288
 426.56
420.831
415.103
409.376
403.648
397.921
392.194
386.468
380.742
375.016
369.291
363.567
357.843
352.119
346.396
340.673
334.951
 329.23
323.509
317.789
 312.07
306.352
300.634
294.917
289.202
283.487
277.774
272.061
 266.35
260.641
254.933
249.226
243.522
237.819
232.119
226.421
220.725
215.033
209.343
203.657
197.975
192.298
186.625
180.958
175.297
169.643
163.997
 158.36
152.734
147.119
141.519
135.935
130.369
124.826
119.309
113.823
108.373
102.967
97.6145
92.3256
87.1145
81.9986
76.9998
72.1458
67.4719
63.0227
58.8542
55.0358
51.6508
48.7935
46.5503
44.9072
43.3422
39.4842
37.3311
   1436
1674.01
1886.76
1990.35
 2044.8
2071.25
2081.72
2083.06
2079.22
2072.52
2064.32
2055.45
2046.39
2037.41
2028.67
2020.21
2012.07
2004.22
1996.66
1989.35
1982.25
1975.35
1968.62
1962.02
1955.54
1949.16
1942.86
1936.64
1930.47
1924.36
1918.29
1912.26
1906.26
1900.28
1894.33
1888.39
1882.47
1876.57
1870.68
 1864.8
1858.93
1853.06
1847.21
1841.36
1835.51
1829.67
1823.83
   1818
1812.17
1806.34
1800.52
1794.69
1788.87
1783.05
1777.23
1771.42
 1765.6
1759.79
1753.97
1748.16
1742.34
1736.53
1730.72
1724.91
 1719.1
1713.29
1707.47
1701.66
1695.85
1690.04
1684.23
1678.43
1672.62
1666.81
   1661
1655.19
1649.38
1643.57
1637.76
1631.95
1626.14
1620.34
1614.53
1608.72
1602.91
 1597.1
1591.29
1585.48
1579.68
1573.87
1568.06
1562.25
1556.44
1550.63
1544.83
1539.02
1533.21
 1527.4
1521.59
1515.78
1509.98
1504.17
1498.36
1492.55
1486.74
1480.94
1475.13
1469.32
1463.51
 1457.7
1451.89
1446.09
1440.28
1434.47
1428.66
1422.85
1417.05
1411.24
1405.43
1399.62
1393.81
1388.01
 1382.2
1376.39
1370.58
1364.77
1358.96
1353.16
1347.35
1341.54
1335.73
1329.92
1324.12
1318.31
 1312.5
1306.69
1300.88
1295.08
1289.27
1283.46
1277.65
1271.84
1266.04
1260.23
1254.42
1248.61
 1242.8
   1237
1231.19
1225.38
1219.57
1213.77
1207.96
1202.15
1196.34
1190.53
1184.73
1178.92
1173.11
 1167.3
 1161.5
1155.69
1149.88
1144.07
1138.26
1132.46
1126.65
1120.84
1115.03
1109.23
1103.42
1097.61
 1091.8
1085.99
1080.19
1074.38
1068.57
1062.76
1056.96
1051.15
1045.34
1039.53
1033.73
1027.92
1022.11
 1016.3
 1010.5
1004.69
998.882
993.075
987.267
 981.46
975.653
969.845
964.038
958.231
952.423
946.616
940.809
935.002
929.194
923.387
 917.58
911.773
905.966
900.159
894.352
888.545
882.738
876.931
871.124
865.317
 859.51
853.703
847.896
842.089
836.282
830.476
824.669
818.862
813.055
807.249
801.442
795.636
789.829
784.022
778.216
772.409
766.603
760.797
 754.99
749.184
743.378
737.571
731.765
725.959
720.153
714.347
708.541
702.735
696.929
691.123
685.317
679.511
673.706
  667.9
662.094
656.289
650.483
644.678
638.873
633.067
627.262
621.457
615.652
609.847
604.042
598.237
592.432
586.627
580.823
575.018
569.214
563.409
557.605
551.801
545.997
540.193
534.389
528.585
522.781
516.978
511.174
505.371
499.568
493.765
487.962
482.159
476.356
470.554
464.751
458.949
453.147
447.346
441.544
435.742
429.941
 424.14
 418.34
412.539
406.739
400.939
395.139
389.339
 383.54
377.741
371.943
366.144
360.346
354.549
348.752
342.955
337.159
331.363
325.568
319.773
313.979
308.185
302.392
  296.6
290.808
285.017
279.227
273.438
 267.65
261.863
256.077
250.293
244.509
238.728
232.947
227.169
221.393
215.618
209.847
204.077
198.311
192.548
186.789
181.034
175.284
169.539
163.801
158.069
152.346
146.632
140.929
135.239
129.564
123.906
118.269
112.656
107.073
101.525
96.0208
90.5682
85.1794
79.8693
74.6567
69.5661
64.6289
 59.886
55.3903
51.2102
47.4311
44.1545
41.4813
39.4417
37.7651
35.8732
37.8833
1594.95
1717.71
1852.82
1937.37
1989.22
2018.68
2033.86
2040.23
2041.27
2039.15
2035.19
2030.21
2024.69
2018.93
2013.09
2007.24
2001.44
1995.69
1989.99
1984.33
1978.71
1973.11
1967.53
1961.95
1956.37
1950.79
 1945.2
1939.59
1933.97
1928.33
1922.68
1917.01
1911.33
1905.64
1899.93
1894.21
1888.48
1882.74
1876.99
1871.23
1865.47
1859.69
1853.91
1848.13
1842.34
1836.54
1830.74
1824.94
1819.13
1813.33
1807.51
 1801.7
1795.88
1790.07
1784.25
1778.43
 1772.6
1766.78
1760.96
1755.13
1749.31
1743.48
1737.65
1731.83
   1726
1720.17
1714.34
1708.51
1702.68
1696.85
1691.02
1685.19
1679.36
1673.53
 1667.7
1661.87
1656.04
1650.21
1644.38
1638.55
1632.71
1626.88
1621.05
1615.22
1609.39
1603.56
1597.73
1591.89
1586.06
1580.23
 1574.4
1568.57
1562.74
1556.91
1551.07
1545.24
1539.41
1533.58
1527.75
1521.92
1516.08
1510.25
1504.42
1498.59
1492.76
1486.93
1481.09
1475.26
1469.43
 1463.6
1457.77
1451.94
 1446.1
1440.27
1434.44
1428.61
1422.78
1416.95
1411.12
1405.28
1399.45
1393.62
1387.79
1381.96
1376.13
1370.29
1364.46
1358.63
 1352.8
1346.97
1341.14
1335.31
1329.47
1323.64
1317.81
1311.98
1306.15
1300.32
1294.49
1288.65
1282.82
1276.99
1271.16
1265.33
 1259.5
1253.66
1247.83
   1242
1236.17
1230.34
1224.51
1218.68
1212.85
1207.01
1201.18
1195.35
1189.52
1183.69
1177.86
1172.03
1166.19
1160.36
1154.53
 1148.7
1142.87
1137.04
1131.21
1125.38
1119.54
1113.71
1107.88
1102.05
1096.22
1090.39
1084.56
1078.73
1072.89
1067.06
1061.23
 1055.4
1049.57
1043.74
1037.91
1032.08
1026.24
1020.41
1014.58
1008.75
1002.92
997.089
991.258
985.427
979.596
973.765
967.934
962.103
956.272
950.441
 944.61
 938.78
932.949
927.118
921.287
915.456
909.625
903.794
897.964
892.133
886.302
880.471
 874.64
 868.81
862.979
857.148
851.318
845.487
839.656
833.826
827.995
822.165
816.334
810.503
804.673
798.842
793.012
787.182
781.351
775.521
 769.69
 763.86
 758.03
752.199
746.369
740.539
734.709
728.879
723.049
717.218
711.388
705.558
699.728
693.898
688.068
682.239
676.409
670.579
664.749
658.919
 653.09
 647.26
 641.43
635.601
629.771
623.942
618.112
612.283
606.454
600.625
594.795
588.966
583.137
577.308
571.479
 565.65
559.821
553.993
548.164
542.335
536.507
530.678
 524.85
519.022
513.193
507.365
501.537
495.709
489.881
484.054
478.226
472.398
466.571
460.744
454.917
 449.09
443.263
437.436
431.609
425.783
419.956
 414.13
408.304
402.478
396.653
390.827
385.002
379.177
373.352
367.528
361.703
355.879
350.056
344.232
338.409
332.586
326.763
320.941
315.119
309.298
303.477
297.656
291.836
286.017
280.198
274.379
268.561
262.744
256.928
251.112
245.297
239.483
233.671
227.859
222.048
216.239
210.431
204.625
198.821
193.019
187.219
181.422
175.628
169.837
 164.05
158.267
 152.49
146.718
140.954
135.198
129.452
123.717
117.997
112.294
106.611
100.953
 95.326
89.7372
 84.196
78.7146
73.3088
67.9996
 62.815
57.7924
52.9825
48.4538
44.2975
40.6322
37.6037
35.3754
 34.072
34.7164
38.1894
 1805.1
   1822
1864.69
1912.46
1950.39
1975.77
1991.14
1999.55
2003.39
2004.35
2003.51
2001.55
 1998.9
 1995.8
1992.41
 1988.8
1985.02
 1981.1
1977.04
1972.85
1968.54
1964.11
1959.56
1954.91
1950.14
1945.28
1940.33
1935.29
1930.17
1924.98
1919.72
 1914.4
1909.03
 1903.6
1898.14
1892.63
1887.09
1881.51
1875.91
1870.28
1864.62
1858.95
1853.26
1847.55
1841.83
 1836.1
1830.35
 1824.6
1818.84
1813.06
1807.29
 1801.5
1795.71
1789.92
1784.12
1778.31
1772.51
 1766.7
1760.89
1755.07
1749.26
1743.44
1737.62
 1731.8
1725.98
1720.15
1714.33
 1708.5
1702.68
1696.85
1691.02
 1685.2
1679.37
1673.54
1667.71
1661.88
1656.05
1650.22
1644.39
1638.56
1632.73
 1626.9
1621.07
1615.24
1609.41
1603.58
1597.74
1591.91
1586.08
1580.25
1574.42
1568.59
1562.76
1556.92
1551.09
1545.26
1539.43
 1533.6
1527.77
1521.93
 1516.1
1510.27
1504.44
1498.61
1492.78
1486.95
1481.11
1475.28
1469.45
1463.62
1457.79
1451.96
1446.12
1440.29
1434.46
1428.63
 1422.8
1416.96
1411.13
 1405.3
1399.47
1393.64
1387.81
1381.97
1376.14
1370.31
1364.48
1358.65
1352.82
1346.98
1341.15
1335.32
1329.49
1323.66
1317.83
   1312
1306.16
1300.33
 1294.5
1288.67
1282.84
1277.01
1271.17
1265.34
1259.51
1253.68
1247.85
1242.02
1236.18
1230.35
1224.52
1218.69
1212.86
1207.03
 1201.2
1195.36
1189.53
 1183.7
1177.87
1172.04
1166.21
1160.37
1154.54
1148.71
1142.88
1137.05
1131.22
1125.39
1119.55
1113.72
1107.89
1102.06
1096.23
 1090.4
1084.57
1078.73
 1072.9
1067.07
1061.24
1055.41
1049.58
1043.75
1037.91
1032.08
1026.25
1020.42
1014.59
1008.76
1002.93
997.095
991.264
985.433
979.601
 973.77
967.939
962.108
956.276
950.445
944.614
938.783
932.952
 927.12
921.289
915.458
909.627
903.796
897.965
892.134
886.303
880.472
 874.64
868.809
862.978
857.147
851.316
845.485
839.654
833.823
827.993
822.162
816.331
  810.5
804.669
798.838
793.007
787.176
781.346
775.515
769.684
763.853
758.023
752.192
746.361
740.531
  734.7
728.869
723.039
717.208
711.378
705.547
699.717
693.886
688.056
682.225
676.395
670.565
664.734
658.904
653.074
647.244
641.413
635.583
629.753
623.923
618.093
612.263
606.433
600.603
594.773
588.944
583.114
577.284
571.454
565.625
559.795
553.966
548.136
542.307
536.477
530.648
524.819
 518.99
 513.16
507.331
501.502
495.674
489.845
484.016
478.187
472.359
 466.53
460.702
454.873
449.045
443.217
437.389
431.561
425.733
419.906
414.078
408.251
402.423
396.596
390.769
384.942
379.115
373.289
367.462
361.636
 355.81
349.984
344.158
338.333
332.508
326.683
320.858
315.033
309.209
303.385
297.561
291.738
285.915
280.092
 274.27
268.448
262.626
256.805
250.984
245.164
239.344
233.525
227.706
221.888
216.071
210.254
204.439
198.624
192.811
186.998
181.188
175.378
169.571
163.765
157.962
152.162
146.365
140.572
134.784
129.003
123.228
117.462
111.708
105.967
100.243
 94.541
88.8668
83.2282
77.6354
72.1023
66.6475
61.2965
56.0845
 51.061
46.2955
 41.886
37.9676
34.7148
32.3258
30.9882
32.0693
35.1843
1953.06
1921.85
 1902.5
1911.35
1928.71
1944.62
1956.53
1964.63
1969.79
1972.87
 1974.5
1975.13
1975.02
1974.35
1973.22
1971.69
 1969.8
1967.58
1965.06
1962.24
1959.15
1955.81
1952.23
1948.42
1944.42
1940.23
1935.86
1931.35
1926.69
1921.91
1917.01
1912.01
1906.92
1901.74
 1896.5
1891.18
1885.81
1880.39
1874.92
1869.41
1863.86
1858.28
1852.67
1847.03
1841.38
 1835.7
   1830
1824.29
1818.57
1812.83
1807.08
1801.33
1795.56
1789.78
   1784
1778.22
1772.43
1766.63
1760.83
1755.02
1749.22
1743.41
1737.59
1731.78
1725.96
1720.14
1714.32
 1708.5
1702.68
1696.85
1691.03
 1685.2
1679.38
1673.55
1667.72
1661.89
1656.07
1650.24
1644.41
1638.58
1632.75
1626.92
1621.09
1615.26
1609.43
 1603.6
1597.77
1591.93
 1586.1
1580.27
1574.44
1568.61
1562.78
1556.95
1551.12
1545.28
1539.45
1533.62
1527.79
1521.96
1516.13
1510.29
1504.46
1498.63
 1492.8
1486.97
1481.14
 1475.3
1469.47
1463.64
1457.81
1451.98
1446.15
1440.31
1434.48
1428.65
1422.82
1416.99
1411.15
1405.32
1399.49
1393.66
1387.83
   1382
1376.16
1370.33
 1364.5
1358.67
1352.84
1347.01
1341.17
1335.34
1329.51
1323.68
1317.85
1312.01
1306.18
1300.35
1294.52
1288.69
1282.86
1277.02
1271.19
1265.36
1259.53
 1253.7
1247.87
1242.03
 1236.2
1230.37
1224.54
1218.71
1212.88
1207.04
1201.21
1195.38
1189.55
1183.72
1177.89
1172.05
1166.22
1160.39
1154.56
1148.73
 1142.9
1137.06
1131.23
 1125.4
1119.57
1113.74
1107.91
1102.07
1096.24
1090.41
1084.58
1078.75
1072.92
1067.08
1061.25
1055.42
1049.59
1043.76
1037.93
 1032.1
1026.26
1020.43
 1014.6
1008.77
1002.94
997.106
991.275
985.443
979.612
973.781
967.949
962.118
956.286
950.455
944.623
938.792
 932.96
927.129
921.298
915.466
909.635
903.803
897.972
892.141
886.309
880.478
874.647
868.815
862.984
857.153
851.322
 845.49
839.659
833.828
827.997
822.165
816.334
810.503
804.672
798.841
793.009
787.178
781.347
775.516
769.685
763.854
758.023
752.192
746.361
 740.53
734.699
728.868
723.037
717.206
711.375
705.544
699.713
693.882
688.051
 682.22
676.389
670.559
664.728
658.897
653.066
647.236
641.405
635.574
629.744
623.913
618.083
612.252
606.422
600.591
594.761
 588.93
  583.1
577.269
571.439
565.609
559.779
553.948
548.118
542.288
536.458
530.628
524.798
518.968
513.138
507.308
501.479
495.649
489.819
483.989
 478.16
 472.33
466.501
460.672
454.842
449.013
443.184
437.355
431.526
425.697
419.868
414.039
 408.21
402.382
396.553
390.725
384.896
379.068
 373.24
367.412
361.584
355.756
349.928
344.101
338.273
332.446
326.619
320.792
314.965
309.138
303.311
297.485
291.659
285.832
280.006
 274.18
268.355
262.529
256.704
250.878
245.053
239.228
233.403
227.578
221.754
215.929
210.105
204.281
198.457
192.633
 186.81
180.986
175.163
169.341
163.518
157.696
151.875
146.055
140.236
134.419
128.604
122.792
116.984
111.182
105.386
99.6006
93.8277
88.0723
82.3404
76.6402
70.9832
65.3855
59.8694
 54.467
49.2248
44.2108
39.5251
35.3143
31.7829
29.1873
27.7836
28.8393
31.3866
2050.76
2000.23
1947.06
1925.45
1921.73
1925.29
1930.94
1936.58
1941.53
1945.66
1949.02
1951.68
1953.71
1955.14
1956.01
1956.34
1956.16
1955.48
1954.34
1952.76
1950.78
1948.41
1945.69
1942.66
1939.33
1935.74
1931.91
1927.86
1923.61
1919.19
1914.62
 1909.9
1905.06
 1900.1
1895.05
1889.91
1884.69
 1879.4
1874.05
1868.64
1863.19
1857.69
1852.15
1846.58
1840.98
1835.35
 1829.7
1824.03
1818.34
1812.63
1806.91
1801.18
1795.43
1789.67
1783.91
1778.14
1772.36
1766.57
1760.78
1754.99
1749.19
1743.38
1737.58
1731.77
1725.95
1720.14
1714.32
1708.51
1702.69
1696.86
1691.04
1685.22
1679.39
1673.57
1667.74
1661.91
1656.09
1650.26
1644.43
 1638.6
1632.77
1626.94
1621.11
1615.28
1609.45
1603.62
1597.79
1591.96
1586.13
 1580.3
1574.47
1568.64
1562.81
1556.97
1551.14
1545.31
1539.48
1533.65
1527.82
1521.98
1516.15
1510.32
1504.49
1498.66
1492.83
1486.99
1481.16
1475.33
 1469.5
1463.67
1457.84
   1452
1446.17
1440.34
1434.51
1428.68
1422.84
1417.01
1411.18
1405.35
1399.52
1393.68
1387.85
1382.02
1376.19
1370.36
1364.53
1358.69
1352.86
1347.03
 1341.2
1335.37
1329.53
 1323.7
1317.87
1312.04
1306.21
1300.38
1294.54
1288.71
1282.88
1277.05
1271.22
1265.38
1259.55
1253.72
1247.89
1242.06
1236.23
1230.39
1224.56
1218.73
 1212.9
1207.07
1201.23
 1195.4
1189.57
1183.74
1177.91
1172.08
1166.24
1160.41
1154.58
1148.75
1142.92
1137.08
1131.25
1125.42
1119.59
1113.76
1107.93
1102.09
1096.26
1090.43
 1084.6
1078.77
1072.94
 1067.1
1061.27
1055.44
1049.61
1043.78
1037.95
1032.11
1026.28
1020.45
1014.62
1008.79
1002.95
997.123
991.292
 985.46
979.628
973.797
967.965
962.133
956.302
 950.47
944.638
938.807
932.975
927.143
921.312
 915.48
909.649
903.817
897.986
892.154
886.322
880.491
874.659
868.828
862.996
857.165
851.333
845.502
 839.67
833.839
828.007
822.176
816.344
810.513
804.681
 798.85
793.018
787.187
781.356
775.524
769.693
763.861
 758.03
752.199
746.367
740.536
734.705
728.873
723.042
717.211
711.379
705.548
699.717
693.886
688.054
682.223
676.392
670.561
 664.73
658.898
653.067
647.236
641.405
635.574
629.743
623.912
618.081
 612.25
606.419
600.588
594.757
588.926
583.095
577.264
571.433
565.603
559.772
553.941
 548.11
 542.28
536.449
530.618
524.788
518.957
513.127
507.296
501.465
495.635
489.805
483.974
478.144
472.314
466.483
460.653
454.823
448.993
443.163
437.333
431.503
425.673
419.843
414.013
408.183
402.353
396.524
390.694
384.865
379.035
373.206
367.376
361.547
355.718
349.888
344.059
 338.23
332.401
326.572
320.743
314.914
309.085
303.256
297.427
291.598
285.769
279.941
274.112
268.283
262.454
256.625
250.795
244.966
239.136
233.307
227.477
221.646
215.816
209.984
204.153
198.321
192.488
186.654
 180.82
174.985
169.149
163.312
157.473
151.634
145.793
139.951
134.107
128.263
122.417
116.571
110.725
104.881
99.0384
93.2007
87.3706
81.5524
75.7524
69.9796
64.2469
58.5735
52.9874
 47.531
42.2689
37.3008
32.7816
28.9437
26.1033
24.6015
25.5261
 27.507
2115.67
2057.07
1986.82
1945.02
1923.98
1915.38
1913.67
1915.53
1919.09
1923.34
 1927.7
1931.83
1935.53
1938.69
1941.25
1943.17
1944.45
 1945.1
1945.16
1944.65
1943.62
 1942.1
1940.13
1937.75
1935.01
1931.93
1928.55
 1924.9
   1921
1916.89
1912.59
1908.12
1903.49
1898.72
1893.84
1888.84
1883.75
1878.57
1873.32
1868.01
1862.63
 1857.2
1851.72
1846.21
1840.65
1835.07
1829.45
1823.81
1818.15
1812.47
1806.77
1801.06
1795.33
1789.59
1783.84
1778.08
1772.31
1766.53
1760.75
1754.96
1749.17
1743.37
1737.57
1731.77
1725.96
1720.15
1714.33
1708.52
 1702.7
1696.88
1691.06
1685.24
1679.41
1673.59
1667.76
1661.94
1656.11
1650.28
1644.46
1638.63
 1632.8
1626.97
1621.14
1615.31
1609.48
1603.65
1597.82
1591.99
1586.16
1580.33
 1574.5
1568.67
1562.84
   1557
1551.17
1545.34
1539.51
1533.68
1527.85
1522.01
1516.18
1510.35
1504.52
1498.69
1492.86
1487.02
1481.19
1475.36
1469.53
 1463.7
1457.86
1452.03
 1446.2
1440.37
1434.54
1428.71
1422.87
1417.04
1411.21
1405.38
1399.55
1393.71
1387.88
1382.05
1376.22
1370.39
1364.55
1358.72
1352.89
1347.06
1341.23
1335.39
1329.56
1323.73
 1317.9
1312.07
1306.23
 1300.4
1294.57
1288.74
1282.91
1277.08
1271.24
1265.41
1259.58
1253.75
1247.92
1242.08
1236.25
1230.42
1224.59
1218.76
1212.92
1207.09
1201.26
1195.43
 1189.6
1183.76
1177.93
 1172.1
1166.27
1160.44
1154.61
1148.77
1142.94
1137.11
1131.28
1125.45
1119.61
1113.78
1107.95
1102.12
1096.29
1090.45
1084.62
1078.79
1072.96
1067.13
 1061.3
1055.46
1049.63
 1043.8
1037.97
1032.14
 1026.3
1020.47
1014.64
1008.81
1002.98
997.145
991.314
985.482
 979.65
973.818
967.986
962.155
956.323
950.491
944.659
938.827
932.996
927.164
921.332
  915.5
909.669
903.837
898.005
892.173
886.342
 880.51
874.678
868.846
863.015
857.183
851.351
845.519
839.688
833.856
828.024
822.193
816.361
810.529
804.698
798.866
793.034
787.203
781.371
775.539
769.708
763.876
758.044
752.213
746.381
 740.55
734.718
728.886
723.055
717.223
711.392
 705.56
699.729
693.897
688.065
682.234
676.402
670.571
664.739
658.908
653.077
647.245
641.414
635.582
629.751
623.919
618.088
612.257
606.425
600.594
594.763
588.931
  583.1
577.269
571.437
565.606
559.775
553.944
548.112
542.281
 536.45
530.619
524.788
518.957
513.125
507.294
501.463
495.632
489.801
 483.97
478.139
472.308
466.477
460.647
454.816
448.985
443.154
437.323
431.492
425.662
419.831
    414
 408.17
402.339
396.508
390.678
384.847
379.017
373.186
367.356
361.525
355.694
349.864
344.033
338.203
332.372
326.542
320.711
314.881
 309.05
303.219
297.388
291.557
285.726
279.895
274.064
268.232
  262.4
256.568
250.735
244.903
239.069
233.235
227.401
221.566
 215.73
209.893
204.055
198.216
192.376
186.534
 180.69
174.845
168.997
163.148
157.295
 151.44
145.581
139.719
133.853
127.983
122.109
 116.23
110.347
104.459
98.5677
92.6732
86.7775
80.8832
74.9947
69.1184
63.2644
57.4484
51.6942
46.0392
 40.543
35.3018
30.4734
26.3112
 23.189
 21.546
22.3255
23.7706
 2158.8
2096.31
2017.47
1963.42
1930.02
1911.49
1902.95
1900.76
1902.39
1906.16
1910.94
1916.03
1920.96
1925.45
1929.34
1932.53
   1935
1936.73
1937.76
1938.13
1937.87
1937.03
1935.67
1933.83
1931.55
1928.88
1925.87
1922.54
1918.93
1915.07
1910.99
 1906.7
1902.25
1897.63
1892.88
   1888
1883.01
1877.93
1872.75
1867.51
1862.19
1856.82
1851.39
1845.92
 1840.4
1834.85
1829.26
1823.65
1818.01
1812.35
1806.67
1800.97
1795.26
1789.53
1783.79
1778.04
1772.28
1766.51
1760.74
1754.95
1749.17
1743.37
1737.58
1731.77
1725.97
1720.16
1714.35
1708.54
1702.72
 1696.9
1691.08
1685.26
1679.44
1673.62
1667.79
1661.97
1656.14
1650.32
1644.49
1638.66
1632.83
   1627
1621.17
1615.34
1609.51
1603.68
1597.85
1592.02
1586.19
1580.36
1574.53
 1568.7
1562.87
1557.04
1551.21
1545.38
1539.54
1533.71
1527.88
1522.05
1516.22
1510.39
1504.55
1498.72
1492.89
1487.06
1481.23
1475.39
1469.56
1463.73
 1457.9
1452.07
1446.23
 1440.4
1434.57
1428.74
1422.91
1417.07
1411.24
1405.41
1399.58
1393.75
1387.92
1382.08
1376.25
1370.42
1364.59
1358.76
1352.92
1347.09
1341.26
1335.43
 1329.6
1323.76
1317.93
 1312.1
1306.27
1300.44
 1294.6
1288.77
1282.94
1277.11
1271.28
1265.44
1259.61
1253.78
1247.95
1242.12
1236.28
1230.45
1224.62
1218.79
1212.96
1207.12
1201.29
1195.46
1189.63
 1183.8
1177.96
1172.13
 1166.3
1160.47
1154.64
 1148.8
1142.97
1137.14
1131.31
1125.48
1119.64
1113.81
1107.98
1102.15
1096.32
1090.48
1084.65
1078.82
1072.99
1067.16
1061.32
1055.49
1049.66
1043.83
   1038
1032.16
1026.33
 1020.5
1014.67
1008.84
   1003
997.173
991.341
985.509
979.677
973.845
968.013
962.181
 956.35
950.518
944.686
938.854
933.022
 927.19
921.358
915.526
909.694
903.862
898.031
892.199
886.367
880.535
874.703
868.871
863.039
857.207
851.375
845.544
839.712
 833.88
828.048
822.216
816.384
810.552
804.721
798.889
793.057
787.225
781.393
775.561
 769.73
763.898
758.066
752.234
746.402
740.571
734.739
728.907
723.075
717.243
711.412
 705.58
699.748
693.916
688.085
682.253
676.421
670.589
664.758
658.926
653.094
647.262
641.431
635.599
629.767
623.936
618.104
612.272
606.441
600.609
594.777
588.946
583.114
577.282
571.451
565.619
559.788
553.956
548.124
542.293
536.461
 530.63
524.798
518.967
513.135
507.304
501.472
495.641
489.809
483.978
478.146
472.315
466.483
460.652
 454.82
448.989
443.158
437.326
431.495
425.663
419.832
414.001
408.169
402.338
396.507
390.675
384.844
379.013
373.181
 367.35
361.518
355.687
349.855
344.024
338.192
332.361
326.529
320.697
314.865
309.033
303.201
297.368
291.536
285.703
 279.87
274.036
268.203
262.369
256.534
250.699
244.863
239.027
 233.19
227.352
221.513
215.673
209.831
203.988
198.144
192.297
186.449
180.598
174.745
168.888
163.028
157.164
151.296
145.423
139.545
133.661
 127.77
121.873
115.967
110.053
104.131
98.1986
92.2574
86.3074
80.3499
74.3873
68.4242
62.4679
56.5307
50.6322
44.8048
39.1014
33.6115
28.4885
23.9962
20.5605
 18.736
19.3735
20.3325
2186.36
2121.49
2038.18
1977.16
1935.93
1910.49
1896.75
1891.19
1890.99
1894.06
1898.93
1904.57
1910.32
1915.75
 1920.6
1924.72
1928.06
 1930.6
1932.35
1933.36
1933.67
1933.34
1932.43
1930.98
1929.05
1926.69
1923.94
1920.84
1917.44
1913.76
1909.84
1905.69
1901.36
1896.85
 1892.2
 1887.4
1882.49
1877.47
1872.36
1867.16
1861.89
1856.56
1851.16
1845.72
1840.23
1834.71
1829.14
1823.55
1817.93
1812.28
1806.61
1800.92
1795.22
 1789.5
1783.77
1778.03
1772.27
1766.51
1760.74
1754.96
1749.18
1743.39
1737.59
1731.79
1725.99
1720.18
1714.37
1708.56
1702.75
1696.93
1691.11
1685.29
1679.47
1673.65
1667.83
   1662
1656.18
1650.35
1644.52
 1638.7
1632.87
1627.04
1621.21
1615.38
1609.55
1603.72
1597.89
1592.06
1586.23
 1580.4
1574.57
1568.74
1562.91
1557.08
1551.24
1545.41
1539.58
1533.75
1527.92
1522.09
1516.25
1510.42
1504.59
1498.76
1492.93
 1487.1
1481.26
1475.43
 1469.6
1463.77
1457.94
 1452.1
1446.27
1440.44
1434.61
1428.78
1422.94
1417.11
1411.28
1405.45
1399.62
1393.78
1387.95
1382.12
1376.29
1370.46
1364.62
1358.79
1352.96
1347.13
 1341.3
1335.46
1329.63
 1323.8
1317.97
1312.14
 1306.3
1300.47
1294.64
1288.81
1282.98
1277.14
1271.31
1265.48
1259.65
1253.82
1247.98
1242.15
1236.32
1230.49
1224.65
1218.82
1212.99
1207.16
1201.33
1195.49
1189.66
1183.83
   1178
1172.17
1166.33
 1160.5
1154.67
1148.84
1143.01
1137.17
1131.34
1125.51
1119.68
1113.85
1108.01
1102.18
1096.35
1090.52
1084.69
1078.85
1073.02
1067.19
1061.36
1055.53
1049.69
1043.86
1038.03
 1032.2
1026.37
1020.53
 1014.7
1008.87
1003.04
997.206
991.374
985.542
 979.71
973.878
968.046
962.214
956.382
 950.55
944.718
938.886
933.054
927.222
 921.39
915.558
909.726
903.894
898.062
 892.23
886.398
880.566
874.734
868.902
 863.07
857.238
851.406
845.574
839.742
 833.91
828.078
822.246
816.414
810.582
 804.75
798.918
793.087
787.255
781.423
775.591
769.759
763.927
758.095
752.263
746.431
740.599
734.767
728.935
723.103
717.271
711.439
705.607
699.775
693.943
688.112
 682.28
676.448
670.616
664.784
658.952
 653.12
647.288
641.456
635.624
629.792
623.961
618.129
612.297
606.465
600.633
594.801
588.969
583.137
577.305
571.474
565.642
 559.81
553.978
548.146
542.314
536.483
530.651
524.819
518.987
513.155
507.323
501.492
 495.66
489.828
483.996
478.164
472.333
466.501
460.669
454.837
449.005
443.174
437.342
 431.51
425.678
419.846
414.014
408.183
402.351
396.519
390.687
384.855
379.023
373.191
367.359
361.527
355.695
349.863
 344.03
338.198
332.365
326.533
  320.7
314.867
309.034
303.201
297.367
291.534
285.699
279.865
 274.03
268.195
262.359
256.523
250.686
244.848
 239.01
 233.17
 227.33
221.488
215.645
  209.8
203.953
198.105
192.254
186.401
180.544
174.685
168.822
162.954
157.082
151.205
145.321
139.431
133.534
127.628
121.713
115.787
109.851
103.902
97.9393
91.9629
85.9719
79.9664
73.9475
67.9178
61.8826
55.8512
49.8396
43.8752
38.0041
32.3064
26.9248
22.1211
18.3609
16.3278
 16.832
 17.399
2201.81
2134.91
2049.17
 1984.7
 1939.4
1910.15
1893.38
1885.73
 1884.3
1886.84
1891.68
1897.61
1903.83
1909.82
1915.26
1919.96
1923.84
1926.87
1929.07
1930.48
1931.15
1931.13
1930.49
1929.28
1927.56
1925.39
 1922.8
1919.85
1916.57
   1913
1909.17
1905.11
1900.85
1896.41
1891.81
1887.07
 1882.2
1877.22
1872.14
1866.97
1861.73
1856.42
1851.05
1845.62
1840.15
1834.64
1829.09
1823.51
1817.89
1812.26
 1806.6
1800.92
1795.22
 1789.5
1783.78
1778.04
1772.29
1766.53
1760.76
1754.98
 1749.2
1743.41
1737.62
1731.82
1726.02
1720.22
1714.41
 1708.6
1702.78
1696.97
1691.15
1685.33
1679.51
1673.69
1667.87
1662.04
1656.22
1650.39
1644.56
1638.74
1632.91
1627.08
1621.25
1615.42
1609.59
1603.76
1597.93
 1592.1
1586.27
1580.44
1574.61
1568.78
1562.95
1557.12
1551.29
1545.45
1539.62
1533.79
1527.96
1522.13
 1516.3
1510.46
1504.63
 1498.8
1492.97
1487.14
 1481.3
1475.47
1469.64
1463.81
1457.98
1452.15
1446.31
1440.48
1434.65
1428.82
1422.99
1417.15
1411.32
1405.49
1399.66
1393.82
1387.99
1382.16
1376.33
 1370.5
1364.66
1358.83
   1353
1347.17
1341.34
 1335.5
1329.67
1323.84
1318.01
1312.18
1306.34
1300.51
1294.68
1288.85
1283.02
1277.18
1271.35
1265.52
1259.69
1253.86
1248.02
1242.19
1236.36
1230.53
 1224.7
1218.86
1213.03
 1207.2
1201.37
1195.53
 1189.7
1183.87
1178.04
1172.21
1166.37
1160.54
1154.71
1148.88
1143.05
1137.21
1131.38
1125.55
1119.72
1113.89
1108.05
1102.22
1096.39
1090.56
1084.73
1078.89
1073.06
1067.23
 1061.4
1055.57
1049.73
 1043.9
1038.07
1032.24
 1026.4
1020.57
1014.74
1008.91
1003.08
997.245
991.413
985.581
979.749
973.916
968.084
962.252
 956.42
950.588
944.756
938.924
933.092
 927.26
921.428
915.596
909.764
903.932
  898.1
892.268
886.436
880.604
874.772
 868.94
863.108
857.275
851.443
845.611
839.779
833.947
828.115
822.283
816.451
810.619
804.787
798.955
793.123
787.291
781.459
775.627
769.795
763.963
758.131
752.299
746.467
740.635
734.803
728.971
723.139
717.307
711.474
705.642
 699.81
693.978
688.146
682.314
676.482
 670.65
664.818
658.986
653.154
647.322
 641.49
635.658
629.826
623.994
618.162
 612.33
606.498
600.666
594.834
589.002
 583.17
577.338
571.506
565.674
559.842
 554.01
548.178
542.346
536.514
530.682
 524.85
519.018
513.186
507.354
501.522
 495.69
489.858
484.026
478.194
472.362
 466.53
460.698
454.866
449.034
443.202
 437.37
431.538
425.706
419.873
414.041
408.209
402.377
396.545
390.713
 384.88
379.048
373.216
367.383
361.551
355.718
349.886
344.053
 338.22
332.387
326.554
320.721
314.887
309.053
 303.22
297.385
291.551
285.716
279.881
274.045
268.209
262.372
256.535
250.697
244.858
239.018
233.177
227.335
221.491
215.646
  209.8
203.951
  198.1
192.246
 186.39
 180.53
174.667
  168.8
162.928
 157.05
151.167
145.277
 139.38
133.474
127.558
121.632
115.694
109.743
103.778
97.7961
91.7972
  85.78
79.7436
73.6881
67.6149
61.5276
55.4336
49.3459
43.2879
37.2998
31.4526
25.8759
20.8196
16.7713
14.5371
14.9267
15.2802
2206.99
2137.85
2050.74
1985.41
1939.25
1909.22
1891.78
1883.62
1881.89
1884.31
1889.16
1895.21
1901.61
1907.81
1913.47
1918.38
1922.46
1925.67
1928.03
1929.58
1930.37
1930.46
1929.91
1928.78
1927.13
1925.02
1922.48
1919.57
1916.34
 1912.8
   1909
1904.97
1900.73
1896.31
1891.73
   1887
1882.15
1877.18
1872.11
1866.95
1861.72
1856.41
1851.05
1845.63
1840.16
1834.65
1829.11
1823.53
1817.92
1812.28
1806.62
1800.95
1795.25
1789.54
1783.81
1778.07
1772.32
1766.57
 1760.8
1755.02
1749.24
1743.45
1737.66
1731.87
1726.06
1720.26
1714.45
1708.64
1702.83
1697.01
1691.19
1685.38
1679.55
1673.73
1667.91
1662.09
1656.26
1650.43
1644.61
1638.78
1632.95
1627.12
 1621.3
1615.47
1609.64
1603.81
1597.98
1592.15
1586.32
1580.49
1574.65
1568.82
1562.99
1557.16
1551.33
 1545.5
1539.67
1533.84
   1528
1522.17
1516.34
1510.51
1504.68
1498.85
1493.01
1487.18
1481.35
1475.52
1469.69
1463.85
1458.02
1452.19
1446.36
1440.53
1434.69
1428.86
1423.03
 1417.2
1411.37
1405.53
 1399.7
1393.87
1388.04
1382.21
1376.37
1370.54
1364.71
1358.88
1353.05
1347.21
1341.38
1335.55
1329.72
1323.88
1318.05
1312.22
1306.39
1300.56
1294.72
1288.89
1283.06
1277.23
 1271.4
1265.56
1259.73
 1253.9
1248.07
1242.24
 1236.4
1230.57
1224.74
1218.91
1213.08
1207.24
1201.41
1195.58
1189.75
1183.92
1178.08
1172.25
1166.42
1160.59
1154.75
1148.92
1143.09
1137.26
1131.43
1125.59
1119.76
1113.93
 1108.1
1102.27
1096.43
 1090.6
1084.77
1078.94
1073.11
1067.27
1061.44
1055.61
1049.78
1043.95
1038.11
1032.28
1026.45
1020.62
1014.78
1008.95
1003.12
997.289
991.457
985.625
979.792
 973.96
968.128
962.296
956.464
950.632
  944.8
938.968
933.136
927.304
921.472
 915.64
909.808
903.976
898.144
892.311
886.479
880.647
874.815
868.983
863.151
857.319
851.487
845.655
839.823
833.991
828.159
822.327
816.495
810.662
 804.83
798.998
793.166
787.334
781.502
 775.67
769.838
764.006
758.174
752.342
 746.51
740.678
734.846
729.014
723.182
717.349
711.517
705.685
699.853
694.021
688.189
682.357
676.525
670.693
664.861
659.029
653.197
647.365
641.533
635.701
629.869
624.037
618.204
612.372
 606.54
600.708
594.876
589.044
583.212
 577.38
571.548
565.716
559.884
554.052
 548.22
542.388
536.556
530.724
524.892
 519.06
513.227
507.395
501.563
495.731
489.899
484.067
478.235
472.403
466.571
460.739
454.907
449.075
443.242
 437.41
431.578
425.746
419.914
414.081
408.249
402.417
396.585
390.752
 384.92
379.087
373.255
367.422
 361.59
355.757
349.924
344.091
338.258
332.425
326.592
320.759
314.925
309.091
303.257
297.422
291.588
285.753
279.917
274.081
268.245
262.408
 256.57
250.731
244.892
239.052
 233.21
227.367
221.523
215.678
 209.83
203.981
198.129
192.274
186.417
180.556
174.691
168.822
162.949
157.069
151.184
145.292
139.391
133.482
127.563
121.633
115.691
109.734
103.762
97.7727
91.7648
85.7369
79.6878
 73.617
67.5252
61.4152
 55.293
49.1703
43.0679
37.0225
31.0994
25.4188
20.2181
15.9904
13.6258
13.9414
 14.359
2202.59
2130.66
2042.91
1979.11
1935.19
1907.32
1891.59
 1884.6
1883.57
1886.35
1891.34
1897.38
 1903.7
1909.77
1915.27
1920.03
1923.95
1927.02
1929.25
1930.67
1931.35
1931.34
 1930.7
1929.49
1927.77
1925.59
1922.99
1920.03
1916.75
1913.17
1909.34
1905.27
1901.01
1896.56
1891.95
 1887.2
1882.33
1877.35
1872.27
 1867.1
1861.85
1856.54
1851.16
1845.74
1840.26
1834.75
 1829.2
1823.61
   1818
1812.36
 1806.7
1801.02
1795.32
 1789.6
1783.88
1778.14
1772.38
1766.62
1760.86
1755.08
 1749.3
1743.51
1737.72
1731.92
1726.12
1720.31
 1714.5
1708.69
1702.88
1697.06
1691.24
1685.43
 1679.6
1673.78
1667.96
1662.13
1656.31
1650.48
1644.66
1638.83
   1633
1627.17
1621.34
1615.52
1609.69
1603.86
1598.03
 1592.2
1586.37
1580.53
 1574.7
1568.87
1563.04
1557.21
1551.38
1545.55
1539.72
1533.88
1528.05
1522.22
1516.39
1510.56
1504.73
1498.89
1493.06
1487.23
 1481.4
1475.57
1469.73
 1463.9
1458.07
1452.24
1446.41
1440.57
1434.74
1428.91
1423.08
1417.25
1411.41
1405.58
1399.75
1393.92
1388.09
1382.25
1376.42
1370.59
1364.76
1358.93
1353.09
1347.26
1341.43
 1335.6
1329.77
1323.93
 1318.1
1312.27
1306.44
1300.61
1294.77
1288.94
1283.11
1277.28
1271.45
1265.61
1259.78
1253.95
1248.12
1242.28
1236.45
1230.62
1224.79
1218.96
1213.12
1207.29
1201.46
1195.63
 1189.8
1183.96
1178.13
 1172.3
1166.47
1160.64
 1154.8
1148.97
1143.14
1137.31
1131.48
1125.64
1119.81
1113.98
1108.15
1102.32
1096.48
1090.65
1084.82
1078.99
1073.15
1067.32
1061.49
1055.66
1049.83
1043.99
1038.16
1032.33
 1026.5
1020.67
1014.83
   1009
1003.17
997.338
991.506
985.674
979.842
 974.01
968.178
962.346
956.514
950.682
 944.85
939.018
933.186
927.354
921.521
915.689
909.857
904.025
898.193
892.361
886.529
880.697
874.865
869.033
863.201
857.369
851.537
845.705
839.873
834.041
828.209
822.377
816.545
810.713
804.881
799.049
793.216
787.384
781.552
 775.72
769.888
764.056
758.224
752.392
 746.56
740.728
734.896
729.064
723.232
  717.4
711.568
705.736
699.904
694.072
 688.24
682.408
676.576
670.744
664.912
 659.08
653.248
647.416
641.584
635.752
 629.92
624.088
618.256
612.424
606.592
 600.76
594.928
589.096
583.264
577.432
  571.6
565.768
559.936
554.104
548.272
 542.44
536.608
530.776
524.944
519.112
 513.28
507.448
501.616
495.784
489.952
484.119
478.287
472.455
466.623
460.791
454.959
449.127
443.295
437.463
431.631
425.799
419.967
414.135
408.303
 402.47
396.638
390.806
384.974
379.141
373.309
367.477
361.644
355.812
349.979
344.146
338.313
 332.48
326.647
320.814
 314.98
309.147
303.313
297.479
291.644
285.809
279.974
274.138
268.302
262.465
256.628
 250.79
244.951
239.111
 233.27
227.428
221.584
215.739
209.892
204.043
198.192
192.338
186.481
180.622
174.758
 168.89
163.018
 157.14
151.256
145.365
139.467
 133.56
127.644
121.716
115.777
109.823
103.855
97.8701
91.8671
85.8445
79.8012
73.7369
67.6522
61.5497
55.4353
49.3205
43.2259
 37.188
31.2714
25.5959
20.3967
 16.165
13.7972
14.1021
14.8705
2188.41
2112.87
2025.34
1965.92
 1927.6
 1904.9
1893.17
1888.89
1889.47
1893.02
1898.22
1904.11
1910.05
1915.65
1920.63
1924.87
 1928.3
 1930.9
 1932.7
1933.74
1934.08
1933.76
1932.84
1931.39
1929.45
1927.08
1924.32
1921.21
 1917.8
 1914.1
1910.17
1906.01
1901.67
1897.15
1892.48
1887.68
1882.75
1877.73
1872.61
 1867.4
1862.13
1856.79
1851.39
1845.94
1840.45
1834.92
1829.35
1823.76
1818.13
1812.48
1806.81
1801.13
1795.42
 1789.7
1783.97
1778.22
1772.47
 1766.7
1760.93
1755.15
1749.37
1743.58
1737.78
1731.98
1726.18
1720.37
1714.56
1708.75
1702.94
1697.12
 1691.3
1685.48
1679.66
1673.84
1668.01
1662.19
1656.36
1650.54
1644.71
1638.88
1633.06
1627.23
 1621.4
1615.57
1609.74
1603.91
1598.08
1592.25
1586.42
1580.59
1574.76
1568.92
1563.09
1557.26
1551.43
 1545.6
1539.77
1533.94
1528.11
1522.27
1516.44
1510.61
1504.78
1498.95
1493.11
1487.28
1481.45
1475.62
1469.79
1463.95
1458.12
1452.29
1446.46
1440.63
 1434.8
1428.96
1423.13
 1417.3
1411.47
1405.64
 1399.8
1393.97
1388.14
1382.31
1376.47
1370.64
1364.81
1358.98
1353.15
1347.31
1341.48
1335.65
1329.82
1323.99
1318.15
1312.32
1306.49
1300.66
1294.83
1288.99
1283.16
1277.33
 1271.5
1265.67
1259.83
   1254
1248.17
1242.34
1236.51
1230.67
1224.84
1219.01
1213.18
1207.35
1201.51
1195.68
1189.85
1184.02
1178.19
1172.35
1166.52
1160.69
1154.86
1149.03
1143.19
1137.36
1131.53
 1125.7
1119.87
1114.03
 1108.2
1102.37
1096.54
1090.71
1084.87
1079.04
1073.21
1067.38
1061.55
1055.71
1049.88
1044.05
1038.22
1032.39
1026.55
1020.72
1014.89
1009.06
1003.23
997.393
991.561
985.729
979.897
974.065
968.233
962.401
956.569
950.737
944.905
939.073
933.241
927.409
921.577
915.745
909.913
904.081
898.249
892.417
886.585
880.753
874.921
869.089
863.257
857.425
851.593
845.761
839.929
834.097
828.265
822.433
816.601
810.769
804.937
799.105
793.274
787.442
 781.61
775.778
769.946
764.114
758.282
 752.45
746.618
740.786
734.954
729.122
 723.29
717.458
711.626
705.794
699.962
 694.13
688.298
682.467
676.635
670.803
664.971
659.139
653.307
647.475
641.643
635.811
629.979
624.147
618.316
612.484
606.652
 600.82
594.988
589.156
583.324
577.492
571.661
565.829
559.997
554.165
548.333
542.501
 536.67
530.838
525.006
519.174
513.342
 507.51
501.679
495.847
490.015
484.183
478.351
472.519
466.688
460.856
455.024
449.192
 443.36
437.529
431.697
425.865
420.033
414.201
408.369
402.538
396.706
390.874
385.042
 379.21
373.378
367.546
361.714
355.882
350.049
344.217
338.385
332.552
326.719
320.887
315.054
309.221
303.387
297.554
 291.72
285.886
280.051
274.217
268.381
262.545
256.709
250.872
245.034
239.195
233.356
227.515
221.673
 215.83
209.985
204.138
198.289
192.438
186.584
180.727
174.867
169.003
163.135
157.261
151.383
145.498
139.606
133.707
127.799
121.881
115.952
110.011
104.056
98.0872
92.1023
86.1007
80.0816
74.0451
67.9926
61.9274
55.8564
49.7923
43.7574
37.7911
31.9631
26.4007
21.3486
17.2899
15.0352
15.3852
16.6768
2163.21
2083.01
1997.35
1946.41
1917.72
1903.24
1897.54
1897.19
1899.98
1904.51
1909.83
1915.32
1920.58
1925.33
1929.42
1932.78
1935.37
 1937.2
1938.29
 1938.7
1938.47
1937.64
1936.28
1934.43
1932.15
1929.46
1926.43
1923.08
1919.45
1915.57
1911.47
1907.17
1902.69
1898.06
1893.29
 1888.4
 1883.4
1878.31
1873.12
1867.87
1862.54
1857.16
1851.73
1846.25
1840.73
1835.17
1829.58
1823.96
1818.32
1812.66
1806.97
1801.27
1795.56
1789.83
1784.09
1778.33
1772.57
 1766.8
1761.03
1755.24
1749.45
1743.66
1737.86
1732.06
1726.25
1720.44
1714.63
1708.82
   1703
1697.18
1691.37
1685.54
1679.72
 1673.9
1668.07
1662.25
1656.42
 1650.6
1644.77
1638.94
1633.11
1627.28
1621.45
1615.63
 1609.8
1603.97
1598.14
 1592.3
1586.47
1580.64
1574.81
1568.98
1563.15
1557.32
1551.49
1545.66
1539.82
1533.99
1528.16
1522.33
 1516.5
1510.67
1504.83
   1499
1493.17
1487.34
1481.51
1475.67
1469.84
1464.01
1458.18
1452.35
1446.52
1440.68
1434.85
1429.02
1423.19
1417.36
1411.52
1405.69
1399.86
1394.03
 1388.2
1382.36
1376.53
 1370.7
1364.87
1359.04
 1353.2
1347.37
1341.54
1335.71
1329.88
1324.04
1318.21
1312.38
1306.55
1300.72
1294.88
1289.05
1283.22
1277.39
1271.56
1265.72
1259.89
1254.06
1248.23
 1242.4
1236.56
1230.73
 1224.9
1219.07
1213.24
 1207.4
1201.57
1195.74
1189.91
1184.08
1178.24
1172.41
1166.58
1160.75
1154.92
1149.08
1143.25
1137.42
1131.59
1125.76
1119.92
1114.09
1108.26
1102.43
 1096.6
1090.76
1084.93
 1079.1
1073.27
1067.44
 1061.6
1055.77
1049.94
1044.11
1038.28
1032.45
1026.61
1020.78
1014.95
1009.12
1003.29
997.454
991.622
 985.79
979.958
974.126
968.294
962.462
 956.63
950.798
944.966
939.134
933.302
927.471
921.639
915.807
909.975
904.143
898.311
892.479
886.647
880.815
874.983
869.152
 863.32
857.488
851.656
845.824
839.992
 834.16
828.329
822.497
816.665
810.833
805.001
799.169
793.337
787.506
781.674
775.842
 770.01
764.178
758.346
752.515
746.683
740.851
735.019
729.187
723.356
717.524
711.692
 705.86
700.029
694.197
688.365
682.533
676.702
 670.87
665.038
659.206
653.375
647.543
641.711
635.879
630.048
624.216
618.384
612.553
606.721
600.889
595.058
589.226
583.394
577.563
571.731
  565.9
560.068
554.236
548.405
542.573
536.742
 530.91
525.079
519.247
513.415
507.584
501.752
495.921
490.089
484.258
478.427
472.595
466.764
460.932
455.101
449.269
443.438
437.607
431.775
425.944
420.112
414.281
 408.45
402.618
396.787
390.956
385.124
379.293
373.461
 367.63
361.798
355.967
350.135
344.304
338.472
332.641
326.809
320.977
315.145
309.313
303.481
297.648
291.815
285.983
280.149
274.316
268.482
262.648
256.813
250.978
245.142
239.305
233.468
 227.63
 221.79
 215.95
210.108
204.265
 198.42
192.573
186.724
180.872
175.018
 169.16
163.299
157.433
151.563
145.688
139.808
133.921
128.026
122.124
116.213
110.293
104.362
98.4198
92.4659
86.4999
80.5221
74.5335
68.5368
62.5369
56.5425
50.5689
44.6418
38.8058
33.1381
27.7774
22.9774
19.1944
17.1007
 17.519
19.3822
2124.43
2038.34
1958.25
1922.13
1907.88
1904.51
1906.35
1910.55
1915.69
1921.03
1926.18
1930.91
1935.07
1938.59
1941.41
1943.54
1944.97
1945.74
1945.87
1945.41
1944.41
1942.89
1940.92
1938.54
1935.78
1932.67
1929.27
 1925.6
1921.68
1917.54
1913.22
1908.72
1904.07
1899.28
1894.38
1889.37
1884.26
1879.07
1873.81
1868.48
1863.09
1857.65
1852.17
1846.64
1841.08
1835.49
1829.87
1824.23
1818.56
1812.87
1807.17
1801.46
1795.72
1789.98
1784.23
1778.47
 1772.7
1766.92
1761.14
1755.35
1749.55
1743.75
1737.95
1732.14
1726.34
1720.52
1714.71
1708.89
1703.08
1697.26
1691.44
1685.61
1679.79
1673.97
1668.14
1662.31
1656.49
1650.66
1644.83
   1639
1633.17
1627.35
1621.52
1615.69
1609.86
1604.03
 1598.2
1592.36
1586.53
 1580.7
1574.87
1569.04
1563.21
1557.38
1551.55
1545.72
1539.88
1534.05
1528.22
1522.39
1516.56
1510.73
1504.89
1499.06
1493.23
 1487.4
1481.57
1475.73
 1469.9
1464.07
1458.24
1452.41
1446.58
1440.74
1434.91
1429.08
1423.25
1417.42
1411.58
1405.75
1399.92
1394.09
1388.26
1382.42
1376.59
1370.76
1364.93
 1359.1
1353.26
1347.43
 1341.6
1335.77
1329.94
 1324.1
1318.27
1312.44
1306.61
1300.78
1294.95
1289.11
1283.28
1277.45
1271.62
1265.79
1259.95
1254.12
1248.29
1242.46
1236.63
1230.79
1224.96
1219.13
 1213.3
1207.47
1201.63
 1195.8
1189.97
1184.14
1178.31
1172.48
1166.64
1160.81
1154.98
1149.15
1143.32
1137.48
1131.65
1125.82
1119.99
1114.16
1108.32
1102.49
1096.66
1090.83
   1085
1079.17
1073.33
 1067.5
1061.67
1055.84
1050.01
1044.17
1038.34
1032.51
1026.68
1020.85
1015.01
1009.18
1003.35
997.519
991.688
985.856
980.024
974.192
 968.36
962.529
956.697
950.865
945.033
939.201
 933.37
927.538
921.706
915.874
910.043
904.211
898.379
892.547
886.715
880.884
875.052
 869.22
863.389
857.557
851.725
845.893
840.062
 834.23
828.398
822.567
816.735
810.903
805.072
 799.24
793.408
787.577
781.745
775.913
770.082
 764.25
758.418
752.587
746.755
740.923
735.092
 729.26
723.429
717.597
711.766
705.934
700.102
694.271
688.439
682.608
676.776
670.945
665.113
659.282
 653.45
647.619
641.788
635.956
630.125
624.293
618.462
612.631
606.799
600.968
595.136
589.305
583.474
577.642
571.811
 565.98
560.149
554.317
548.486
542.655
536.824
530.993
525.162
 519.33
513.499
507.668
501.837
496.006
490.175
484.344
478.513
472.682
466.851
 461.02
455.189
449.359
443.528
437.697
431.866
426.035
420.205
414.374
408.543
402.713
396.882
391.051
385.221
 379.39
 373.56
367.729
361.898
356.068
350.237
344.407
338.576
332.746
326.915
321.084
315.254
309.423
303.592
297.761
 291.93
286.099
280.268
274.436
268.604
262.772
 256.94
251.107
245.274
239.441
233.606
227.772
221.936
  216.1
210.262
204.424
198.584
192.743
  186.9
181.056
175.209
 169.36
163.509
157.654
151.796
145.935
140.069
134.199
128.325
122.444
116.558
110.666
104.767
98.8619
92.9504
87.0334
81.1121
75.1893
69.2693
63.3592
57.4705
51.6218
45.8436
40.1862
34.7347
29.6355
25.1399
21.6551
19.7101
20.1919
22.6047
2067.09
1974.47
1908.22
1896.53
1901.83
1911.69
1921.59
1930.15
1937.14
1942.74
1947.17
1950.62
1953.24
 1955.1
1956.29
1956.86
1956.85
1956.29
1955.23
1953.69
1951.73
1949.37
1946.65
 1943.6
1940.25
1936.63
1932.77
1928.69
1924.42
1919.97
1915.37
1910.63
1905.76
1900.78
1895.71
1890.55
1885.31
1880.01
1874.64
1869.22
1863.75
1858.25
 1852.7
1847.12
1841.51
1835.88
1830.22
1824.54
1818.84
1813.13
1807.41
1801.67
1795.92
1790.16
 1784.4
1778.62
1772.84
1767.05
1761.26
1755.46
1749.66
1743.86
1738.05
1732.24
1726.43
1720.61
 1714.8
1708.98
1703.16
1697.33
1691.51
1685.69
1679.86
1674.04
1668.21
1662.38
1656.56
1650.73
 1644.9
1639.07
1633.24
1627.41
1621.58
1615.75
1609.92
1604.09
1598.26
1592.43
 1586.6
1580.77
1574.94
 1569.1
1563.27
1557.44
1551.61
1545.78
1539.95
1534.12
1528.28
1522.45
1516.62
1510.79
1504.96
1499.13
1493.29
1487.46
1481.63
 1475.8
1469.97
1464.13
 1458.3
1452.47
1446.64
1440.81
1434.98
1429.14
1423.31
1417.48
1411.65
1405.82
1399.98
1394.15
1388.32
1382.49
1376.66
1370.82
1364.99
1359.16
1353.33
 1347.5
1341.67
1335.83
   1330
1324.17
1318.34
1312.51
1306.67
1300.84
1295.01
1289.18
1283.35
1277.52
1271.68
1265.85
1260.02
1254.19
1248.36
1242.52
1236.69
1230.86
1225.03
 1219.2
1213.37
1207.53
 1201.7
1195.87
1190.04
1184.21
1178.37
1172.54
1166.71
1160.88
1155.05
1149.22
1143.38
1137.55
1131.72
1125.89
1120.06
1114.23
1108.39
1102.56
1096.73
 1090.9
1085.07
1079.23
 1073.4
1067.57
1061.74
1055.91
1050.08
1044.24
1038.41
1032.58
1026.75
1020.92
1015.09
1009.25
1003.42
997.591
991.759
985.927
980.096
974.264
968.432
962.601
956.769
950.937
945.106
939.274
933.443
927.611
921.779
915.948
910.116
904.285
898.453
892.621
 886.79
880.958
875.127
869.295
863.464
857.632
851.801
845.969
840.138
834.306
828.475
822.643
816.812
 810.98
805.149
799.317
793.486
787.654
781.823
775.992
 770.16
764.329
758.497
752.666
746.835
741.003
735.172
729.341
723.509
717.678
711.847
706.015
700.184
694.353
688.522
682.691
676.859
671.028
665.197
659.366
653.535
647.704
641.872
636.041
 630.21
624.379
618.548
612.717
606.886
601.055
595.224
589.393
583.563
577.732
571.901
 566.07
560.239
554.408
548.578
542.747
536.916
531.086
525.255
519.424
513.594
507.763
501.933
496.102
490.272
484.441
478.611
472.781
466.951
 461.12
 455.29
 449.46
 443.63
  437.8
 431.97
 426.14
 420.31
 414.48
 408.65
 402.82
396.991
391.161
385.332
379.502
373.672
367.843
362.014
356.184
350.355
344.526
338.697
332.867
327.038
321.209
 315.38
309.551
303.722
297.893
292.064
286.235
280.406
274.577
268.748
262.919
 257.09
 251.26
 245.43
239.601
 233.77
 227.94
222.109
216.278
210.446
204.614
198.781
192.947
187.113
181.277
 175.44
169.602
163.763
157.922
 152.08
146.235
140.389
 134.54
128.689
122.836
116.981
111.124
105.265
99.4053
93.5462
87.6893
81.8377
75.9955
70.1694
 64.369
58.6091
52.9124
47.3141
41.8704
36.6718
31.8659
27.6879
24.4812
22.6469
23.1657
26.0666
1981.12
1885.35
1850.68
1876.04
1904.82
1928.24
1945.24
1956.91
1964.62
1969.53
1972.48
1974.06
1974.63
1974.44
1973.66
1972.38
1970.66
1968.56
 1966.1
1963.32
1960.25
1956.91
1953.31
1949.49
1945.46
1941.24
1936.84
1932.29
1927.61
1922.79
1917.87
1912.84
1907.72
1902.52
1897.26
1891.92
1886.53
1881.09
1875.61
1870.08
1864.52
1858.93
1853.31
1847.67
   1842
1836.32
1830.62
 1824.9
1819.17
1813.43
1807.68
1801.91
1796.14
1790.37
1784.58
 1778.8
   1773
 1767.2
 1761.4
 1755.6
1749.79
1743.98
1738.16
1732.35
1726.53
1720.71
1714.89
1709.07
1703.24
1697.42
1691.59
1685.77
1679.94
1674.11
1668.29
1662.46
1656.63
 1650.8
1644.97
1639.14
1633.31
1627.48
1621.65
1615.82
1609.99
1604.16
1598.33
 1592.5
1586.67
1580.83
   1575
1569.17
1563.34
1557.51
1551.68
1545.85
1540.01
1534.18
1528.35
1522.52
1516.69
1510.86
1505.02
1499.19
1493.36
1487.53
 1481.7
1475.87
1470.03
 1464.2
1458.37
1452.54
1446.71
1440.87
1435.04
1429.21
1423.38
1417.55
1411.72
1405.88
1400.05
1394.22
1388.39
1382.56
1376.73
1370.89
1365.06
1359.23
 1353.4
1347.57
1341.73
 1335.9
1330.07
1324.24
1318.41
1312.58
1306.74
1300.91
1295.08
1289.25
1283.42
1277.59
1271.75
1265.92
1260.09
1254.26
1248.43
 1242.6
1236.76
1230.93
 1225.1
1219.27
1213.44
1207.61
1201.77
1195.94
1190.11
1184.28
1178.45
1172.62
1166.78
1160.95
1155.12
1149.29
1143.46
1137.63
1131.79
1125.96
1120.13
 1114.3
1108.47
1102.64
 1096.8
1090.97
1085.14
1079.31
1073.48
1067.65
1061.81
1055.98
1050.15
1044.32
1038.49
1032.66
1026.83
1020.99
1015.16
1009.33
 1003.5
997.667
991.836
986.004
980.173
974.342
 968.51
962.679
956.847
951.016
945.184
939.353
933.521
 927.69
921.859
916.027
910.196
904.364
898.533
892.702
 886.87
881.039
875.208
869.376
863.545
857.714
851.882
846.051
 840.22
834.389
828.557
822.726
816.895
811.064
805.233
799.401
 793.57
787.739
781.908
776.077
770.246
764.415
758.584
752.753
746.921
 741.09
735.259
729.428
723.597
717.766
711.936
706.105
700.274
694.443
688.612
682.781
 676.95
 671.12
665.289
659.458
653.627
647.797
641.966
636.135
630.305
624.474
618.643
612.813
606.982
601.152
595.321
589.491
583.661
 577.83
    572
 566.17
560.339
554.509
548.679
542.849
537.019
531.189
525.359
519.529
513.699
507.869
502.039
496.209
 490.38
 484.55
 478.72
472.891
467.061
461.232
455.403
449.573
443.744
437.915
432.086
426.257
420.428
414.599
408.771
402.942
397.113
391.285
385.456
379.628
  373.8
367.972
362.144
356.316
350.488
344.661
338.833
333.006
327.179
321.351
315.524
309.698
303.871
298.044
292.218
286.391
280.565
274.739
268.913
263.087
257.262
251.436
 245.61
239.785
 233.96
228.135
222.309
216.484
210.659
204.835
 199.01
193.185
 187.36
181.535
 175.71
169.885
 164.06
158.235
152.411
146.586
140.762
134.939
129.116
123.295
117.476
111.659
105.847
 100.04
94.2416
 88.454
82.6821
76.9321
71.2127
65.5365
59.9215
54.3945
48.9953
43.7844
38.8551
34.3504
  30.48
27.5191
25.7533
26.2561
29.5389
1845.29
1765.86
1796.71
1870.31
1922.71
1957.09
1978.49
1991.09
1997.89
2000.93
2001.55
2000.62
1998.69
1996.09
1993.04
1989.67
1986.04
1982.21
1978.21
1974.05
1969.75
1965.31
1960.74
1956.06
1951.27
1946.38
1941.39
1936.32
1931.17
1925.94
1920.66
1915.31
1909.91
1904.47
1898.98
1893.45
1887.89
 1882.3
1876.68
1871.04
1865.38
1859.69
1853.99
1848.28
1842.55
1836.81
1831.06
 1825.3
1819.53
1813.75
1807.97
1802.18
1796.39
1790.59
1784.79
1778.99
1773.18
1767.37
1761.55
1755.74
1749.92
 1744.1
1738.28
1732.46
1726.64
1720.81
1714.99
1709.16
1703.33
1697.51
1691.68
1685.85
1680.02
1674.19
1668.37
1662.54
1656.71
1650.88
1645.05
1639.22
1633.38
1627.55
1621.72
1615.89
1610.06
1604.23
 1598.4
1592.57
1586.74
 1580.9
1575.07
1569.24
1563.41
1557.58
1551.75
1545.92
1540.08
1534.25
1528.42
1522.59
1516.76
1510.93
1505.09
1499.26
1493.43
 1487.6
1481.77
1475.94
 1470.1
1464.27
1458.44
1452.61
1446.78
1440.95
1435.11
1429.28
1423.45
1417.62
1411.79
1405.96
1400.12
1394.29
1388.46
1382.63
 1376.8
1370.97
1365.13
 1359.3
1353.47
1347.64
1341.81
1335.98
1330.14
1324.31
1318.48
1312.65
1306.82
1300.99
1295.15
1289.32
1283.49
1277.66
1271.83
   1266
1260.17
1254.33
 1248.5
1242.67
1236.84
1231.01
1225.18
1219.34
1213.51
1207.68
1201.85
1196.02
1190.19
1184.35
1178.52
1172.69
1166.86
1161.03
 1155.2
1149.37
1143.53
 1137.7
1131.87
1126.04
1120.21
1114.38
1108.55
1102.71
1096.88
1091.05
1085.22
1079.39
1073.56
1067.73
1061.89
1056.06
1050.23
 1044.4
1038.57
1032.74
1026.91
1021.07
1015.24
1009.41
1003.58
 997.75
991.918
986.087
980.256
974.425
968.593
962.762
956.931
  951.1
945.268
939.437
933.606
927.775
921.944
916.113
910.281
 904.45
898.619
892.788
886.957
881.126
875.295
869.464
863.633
857.802
851.971
 846.14
840.309
834.478
828.647
822.816
816.985
811.154
805.323
799.492
793.662
787.831
    782
776.169
770.338
764.508
758.677
752.846
747.016
741.185
735.354
729.524
723.693
717.863
712.032
706.201
700.371
694.541
 688.71
 682.88
677.049
671.219
665.389
659.558
653.728
647.898
642.068
636.238
630.407
624.577
618.747
612.917
607.087
601.257
595.428
589.598
583.768
577.938
572.108
566.279
560.449
 554.62
 548.79
542.961
537.131
531.302
525.473
519.644
513.814
507.985
502.156
496.327
490.499
 484.67
478.841
473.013
467.184
461.356
455.527
449.699
443.871
438.043
432.215
426.387
420.559
414.732
408.904
403.077
 397.25
391.423
385.596
379.769
373.942
368.116
362.289
356.463
350.637
344.812
338.986
333.161
327.336
321.511
315.686
309.862
304.038
298.214
 292.39
286.567
280.744
274.921
269.099
263.277
257.456
251.635
245.814
239.994
234.174
228.355
222.536
216.719
210.901
205.085
199.269
193.454
187.641
181.828
176.016
170.206
164.398
158.591
152.787
146.985
141.186
135.391
  129.6
123.815
118.036
112.265
106.504
100.756
95.0238
89.3123
83.6274
77.9773
72.3728
66.8293
61.3678
56.0184
50.8242
45.8484
41.1835
36.9634
33.3704
30.6157
28.8736
29.2584
32.7275
1621.68
1622.25
1769.09
1889.39
1959.44
1999.33
2021.13
2031.95
2036.05
2036.05
2033.55
2029.58
2024.75
2019.46
2013.92
2008.27
2002.59
1996.91
1991.24
 1985.6
1979.97
1974.36
1968.75
1963.15
1957.54
1951.92
 1946.3
1940.66
1935.01
1929.35
1923.67
1917.98
1912.28
1906.57
1900.84
1895.11
1889.36
1883.61
1877.84
1872.07
 1866.3
1860.52
1854.73
1848.94
1843.14
1837.34
1831.53
1825.73
1819.92
 1814.1
1808.29
1802.47
1796.65
1790.83
1785.01
1779.19
1773.36
1767.54
1761.71
1755.89
1750.06
1744.23
1738.41
1732.58
1726.75
1720.92
1715.09
1709.26
1703.43
 1697.6
1691.77
1685.94
1680.11
1674.28
1668.45
1662.62
1656.79
1650.96
1645.13
1639.29
1633.46
1627.63
 1621.8
1615.97
1610.14
1604.31
1598.47
1592.64
1586.81
1580.98
1575.15
1569.32
1563.48
1557.65
1551.82
1545.99
1540.16
1534.33
 1528.5
1522.66
1516.83
   1511
1505.17
1499.34
1493.51
1487.67
1481.84
1476.01
1470.18
1464.35
1458.52
1452.68
1446.85
1441.02
1435.19
1429.36
1423.53
 1417.7
1411.86
1406.03
 1400.2
1394.37
1388.54
1382.71
1376.87
1371.04
1365.21
1359.38
1353.55
1347.72
1341.89
1336.05
1330.22
1324.39
1318.56
1312.73
 1306.9
1301.06
1295.23
 1289.4
1283.57
1277.74
1271.91
1266.08
1260.24
1254.41
1248.58
1242.75
1236.92
1231.09
1225.26
1219.42
1213.59
1207.76
1201.93
 1196.1
1190.27
1184.44
 1178.6
1172.77
1166.94
1161.11
1155.28
1149.45
1143.62
1137.79
1131.95
1126.12
1120.29
1114.46
1108.63
 1102.8
1096.97
1091.14
 1085.3
1079.47
1073.64
1067.81
1061.98
1056.15
1050.32
1044.49
1038.65
1032.82
1026.99
1021.16
1015.33
 1009.5
1003.67
997.837
992.006
986.175
980.344
974.513
968.682
962.851
 957.02
951.189
945.358
939.527
933.697
927.866
922.035
916.204
910.373
904.542
898.711
892.881
 887.05
881.219
875.388
869.558
863.727
857.896
852.065
846.235
840.404
834.574
828.743
822.912
817.082
811.251
805.421
 799.59
 793.76
787.929
782.099
776.269
770.438
764.608
758.778
752.947
747.117
741.287
735.457
729.626
723.796
717.966
712.136
706.306
700.476
694.646
688.816
682.986
677.156
671.327
665.497
659.667
653.837
648.008
642.178
636.348
630.519
624.689
 618.86
613.031
607.201
601.372
595.543
589.714
583.885
578.056
572.227
566.398
560.569
 554.74
548.911
543.083
537.254
531.426
525.597
519.769
513.941
508.113
502.284
496.456
490.629
484.801
478.973
473.146
467.318
461.491
455.664
449.837
 444.01
438.183
432.356
 426.53
420.703
414.877
409.051
403.225
  397.4
391.574
385.749
379.924
374.099
368.274
 362.45
356.626
350.802
344.978
339.155
333.332
327.509
321.687
315.865
310.044
304.222
298.402
292.581
286.762
280.942
275.124
269.306
263.488
257.671
251.856
 246.04
240.226
234.413
  228.6
222.789
216.979
211.171
205.364
199.558
193.755
187.953
182.154
176.358
170.564
164.774
158.987
153.205
147.428
141.657
135.893
130.137
 124.39
118.654
112.932
107.227
101.541
95.8796
90.2484
84.6549
79.1089
73.6233
68.2154
62.9088
57.7357
52.7406
47.9862
43.5598
 39.581
36.2019
33.5766
31.7625
31.7675
34.9381
1302.11
1508.86
1801.85
 1942.7
2013.61
 2049.3
 2065.8
2071.35
2070.53
2066.02
2059.45
2051.78
2043.63
2035.35
2027.13
2019.09
2011.28
 2003.7
1996.36
1989.23
1982.29
1975.51
1968.88
1962.38
1955.98
1949.67
1943.43
1937.26
1931.14
1925.07
1919.03
1913.03
1907.05
1901.09
1895.16
1889.24
1883.34
1877.45
1871.57
 1865.7
1859.83
1853.98
1848.13
1842.28
1836.44
1830.61
1824.77
1818.94
1813.11
1807.29
1801.47
1795.64
1789.82
1784.01
1778.19
1772.37
1766.56
1760.74
1754.93
1749.12
 1743.3
1737.49
1731.68
1725.87
1720.06
1714.25
1708.44
1702.63
1696.82
1691.01
 1685.2
1679.39
1673.58
1667.77
1661.96
1656.15
1650.34
1644.53
1638.73
1632.92
1627.11
 1621.3
1615.49
1609.68
1603.87
1598.07
1592.26
1586.45
1580.64
1574.83
1569.02
1563.21
1557.41
 1551.6
1545.79
1539.98
1534.17
1528.37
1522.56
1516.75
1510.94
1505.13
1499.32
1493.52
1487.71
 1481.9
1476.09
1470.28
1464.47
1458.67
1452.86
1447.05
1441.24
1435.43
1429.63
1423.82
1418.01
 1412.2
1406.39
1400.59
1394.78
1388.97
1383.16
1377.35
1371.54
1365.74
1359.93
1354.12
1348.31
 1342.5
 1336.7
1330.89
1325.08
1319.27
1313.46
1307.66
1301.85
1296.04
1290.23
1284.42
1278.62
1272.81
   1267
1261.19
1255.38
1249.58
1243.77
1237.96
1232.15
1226.34
1220.54
1214.73
1208.92
1203.11
1197.31
 1191.5
1185.69
1179.88
1174.07
1168.27
1162.46
1156.65
1150.84
1145.04
1139.23
1133.42
1127.61
 1121.8
   1116
1110.19
1104.38
1098.57
1092.77
1086.96
1081.15
1075.34
1069.54
1063.73
1057.92
1052.11
1046.31
 1040.5
1034.69
1028.88
1023.08
1017.27
1011.46
1005.65
999.846
994.038
988.231
982.423
976.616
970.809
965.001
959.194
953.387
 947.58
941.772
935.965
930.158
924.351
918.544
912.736
906.929
901.122
895.315
889.508
883.701
877.894
872.087
 866.28
860.473
854.666
848.859
843.053
837.246
831.439
825.632
819.826
814.019
808.212
802.406
796.599
790.792
784.986
779.179
773.373
767.566
 761.76
755.954
750.147
744.341
738.535
732.728
726.922
721.116
 715.31
709.504
703.698
697.892
692.086
 686.28
680.475
674.669
668.863
663.058
657.252
651.446
645.641
639.836
 634.03
628.225
 622.42
616.615
 610.81
605.005
  599.2
593.395
 587.59
581.785
575.981
570.176
564.372
558.568
552.763
546.959
541.155
535.351
529.547
523.744
 517.94
512.137
506.333
 500.53
494.727
488.924
483.121
477.319
471.516
465.714
459.911
454.109
448.308
442.506
436.705
430.903
425.102
419.301
413.501
  407.7
  401.9
  396.1
390.301
384.502
378.703
372.904
367.106
361.308
 355.51
349.713
343.916
 338.12
332.324
326.528
320.733
314.939
309.145
303.352
 297.56
291.768
285.977
280.187
274.398
268.609
262.822
257.036
251.251
245.468
239.686
233.905
228.126
222.349
216.575
210.802
205.032
199.265
193.501
187.741
181.984
176.232
170.485
164.744
159.009
153.282
147.563
141.853
136.155
 130.47
  124.8
119.147
113.516
107.909
102.332
96.7911
91.2929
85.8472
80.4662
75.1653
69.9645
64.8901
59.9762
55.2683
50.8256
46.7241
43.0574
39.9265
 37.393
35.3022
34.0007
35.7358
1259.38
1687.32
1904.81
2002.63
 2048.3
2067.95
2073.61
2071.52
2065.15
2056.52
2046.82
2036.76
2026.75
   2017
2007.63
1998.67
1990.12
1981.95
1974.12
 1966.6
1959.35
1952.32
1945.49
1938.83
 1932.3
1925.89
1919.58
1913.35
1907.19
 1901.1
1895.05
1889.05
1883.08
1877.14
1871.23
1865.34
1859.47
1853.62
1847.78
1841.96
1836.15
1830.34
1824.55
1818.76
1812.97
 1807.2
1801.42
1795.65
1789.89
1784.13
1778.37
1772.61
1766.86
 1761.1
1755.35
 1749.6
1743.86
1738.11
1732.36
1726.62
1720.87
1715.13
1709.39
1703.64
 1697.9
1692.16
1686.42
1680.68
1674.94
 1669.2
1663.46
1657.72
1651.98
1646.24
 1640.5
1634.76
1629.02
1623.28
1617.54
 1611.8
1606.07
1600.33
1594.59
1588.85
1583.11
1577.37
1571.63
 1565.9
1560.16
1554.42
1548.68
1542.94
 1537.2
1531.47
1525.73
1519.99
1514.25
1508.51
1502.77
1497.04
 1491.3
1485.56
1479.82
1474.08
1468.34
1462.61
1456.87
1451.13
1445.39
1439.65
1433.92
1428.18
1422.44
 1416.7
1410.96
1405.22
1399.49
1393.75
1388.01
1382.27
1376.53
 1370.8
1365.06
1359.32
1353.58
1347.84
1342.11
1336.37
1330.63
1324.89
1319.15
1313.42
1307.68
1301.94
 1296.2
1290.46
1284.73
1278.99
1273.25
1267.51
1261.77
1256.04
 1250.3
1244.56
1238.82
1233.09
1227.35
1221.61
1215.87
1210.13
 1204.4
1198.66
1192.92
1187.18
1181.45
1175.71
1169.97
1164.23
1158.49
1152.76
1147.02
1141.28
1135.54
1129.81
1124.07
1118.33
1112.59
1106.86
1101.12
1095.38
1089.64
1083.91
1078.17
1072.43
1066.69
1060.96
1055.22
1049.48
1043.74
1038.01
1032.27
1026.53
 1020.8
1015.06
1009.32
1003.58
997.847
 992.11
986.373
980.636
974.899
969.162
963.425
957.688
951.951
946.214
940.477
 934.74
929.003
923.266
917.529
911.792
906.056
900.319
894.582
888.846
883.109
877.372
871.636
865.899
860.163
854.426
 848.69
842.953
837.217
831.481
825.745
820.008
814.272
808.536
  802.8
797.064
791.328
785.592
779.856
 774.12
768.384
762.648
756.912
751.177
745.441
739.705
 733.97
728.234
722.499
716.764
711.028
705.293
699.558
693.823
688.088
682.353
676.618
670.883
665.148
659.413
653.679
647.944
 642.21
636.475
630.741
625.007
619.273
613.539
607.805
602.071
596.337
590.603
 584.87
579.137
573.403
 567.67
561.937
556.204
550.471
544.739
539.006
533.274
527.541
521.809
516.077
510.345
504.614
498.882
493.151
 487.42
481.689
475.958
470.228
464.498
458.768
453.038
447.308
441.579
 435.85
430.121
424.392
418.664
412.936
407.209
401.481
395.755
390.028
384.302
378.576
372.851
367.126
361.402
355.678
349.954
344.232
338.509
332.788
327.067
321.347
315.627
309.908
304.191
298.474
292.758
287.043
281.329
275.616
269.905
264.195
258.487
 252.78
247.075
241.372
235.671
229.973
224.277
218.584
212.893
207.207
201.524
195.845
190.171
184.503
 178.84
173.184
167.535
161.895
156.264
150.645
145.038
139.445
133.869
128.312
122.777
117.268
 111.79
106.349
 100.95
 95.603
90.3176
85.1069
 79.987
74.9785
70.1069
65.4047
60.9127
56.6813
 52.771
  49.25
46.1842
43.6109
41.4618
39.2517
36.6966
  40.96