          0           0           0
          0           0 0.000139414
          0           0 0.000526939
          0           0  0.00114062
          0           0   0.0019577
          0           0  0.00295546
          0           0  0.00411121
          0           0  0.00540226
          0           0  0.00680594
          0           0  0.00829955
          0           0  0.00986044
          0           0   0.0114659
          0           0   0.0130933
          0           0           0
          0           0 0.000136501
          0           0 0.000517425
          0           0  0.00112358
          0           0  0.00193345
          0           0  0.00292467
          0           0  0.00407462
          0           0  0.00536065
          0           0  0.00676008
          0           0  0.00825022
          0           0  0.00980841
          0           0    0.011412
          0           0   0.0130383
          0           0           0
          0           0 0.000122288
          0           0 0.000494125
          0           0  0.00109326
          0           0   0.0018972
          0           0  0.00288332
          0           0  0.00402898
          0           0  0.00531149
          0           0  0.00670818
          0           0  0.00819636
          0           0  0.00975336
          0           0   0.0113565
          0           0    0.012983