1.47762e+25
1.18521e+25
 1.1852e+25
 1.0497e+25
1.01745e+25
8.79902e+24
8.35458e+24
7.03193e+24
6.62858e+24
5.40849e+24
5.08287e+24
3.98652e+24
3.73812e+24
2.77902e+24
2.59881e+24
1.78884e+24
 1.6659e+24
1.01673e+24
9.39541e+23
4.62885e+23
4.19413e+23
1.26775e+23
1.05936e+23
1.02408e+22
1.38106e+25
1.26475e+25
1.29377e+25
1.03106e+25
1.07663e+25
8.33983e+24
 8.7372e+24
6.58785e+24
6.90294e+24
5.04166e+24
5.27975e+24
3.70171e+24
3.87294e+24
2.56837e+24
2.68395e+24
1.64193e+24
1.71347e+24
9.22947e+23
9.62569e+23
  4.124e+23
 4.3314e+23
1.08898e+23
 1.2742e+23
9.16646e+20