-8.23877e-08 -1.50912e-05 -1.99175e-06
 -4.1211e-08 -6.42136e-06 -1.99173e-06
-7.20132e-11  5.31815e-07 -1.99165e-06
           0            0            0
           0            0            0
-8.23763e-08 -1.50669e-05 -2.03296e-06
 -4.1209e-08 -6.46783e-06 -2.03298e-06
 -9.1423e-12  5.42999e-07 -2.03305e-06
           0            0            0
           0            0            0
-8.23337e-08 -1.50242e-05 -2.07412e-06
-4.11711e-08 -6.43076e-06 -2.07413e-06
-7.11217e-12  5.53984e-07 -2.07414e-06
           0            0            0
           0            0            0
-8.23091e-08 -1.52387e-05 -2.11525e-06
-4.11576e-08 -6.53117e-06 -2.11524e-06
 9.52264e-13  5.64908e-07 -2.11523e-06
           0            0            0
           0            0            0
-8.23058e-08 -1.56442e-05 -2.15639e-06
-4.11545e-08 -6.75409e-06 -2.15638e-06
 3.88524e-11  5.75915e-07 -2.15638e-06
           0            0            0
           0            0            0