           0            0            0
           0            0 -0.000408818
           0            0   0.00244412
           0            0   0.00387731
           0            0            0
           0            0 -0.000408818
           0            0   -0.0162627
           0            0   -0.0320876
           0            0   -0.0490741
           0            0   -0.0681472
           0            0   0.00244412
           0            0   -0.0320876
           0            0   -0.0676525
           0            0    -0.104112
           0            0    -0.141605
           0            0   0.00387731
           0            0   -0.0490741
           0            0    -0.104112
           0            0    -0.160312
           0            0    -0.216482
           0            0            0
           0            0   -0.0681472
           0            0    -0.141605
           0            0    -0.216482
           0            0    -0.288098