        0         0         0
        0 0.0682505         0
        0  0.258713         0
        0  0.561788         0
        0  0.966724         0
        0   1.46233         0
        0   2.03731         0
        0   2.68032         0
        0   3.38004         0
        0   4.12512         0
        0   4.90425         0
        0   5.70616         0
        0   6.51975         0
        0         0         0
        0 0.0611442         0
        0  0.247062         0
        0  0.546629         0
        0  0.948597         0
        0   1.44166         0
        0   2.01449         0
        0   2.65574         0
        0   3.35409         0
        0   4.09818         0
        0   4.87667         0
        0   5.67822         0
        0   6.49156         0
        0         0         0
        0  0.069707         0
        0   0.26347         0
        0  0.570309         0
        0  0.978851         0
        0   1.47773         0
        0   2.05561         0
        0   2.70113         0
        0   3.40297         0
        0   4.14978         0
        0   4.93023         0
        0   5.73299         0
        0    6.5467         0