1.38107e+25
1.26474e+25
1.29377e+25
1.03105e+25
1.07662e+25
8.33987e+24
8.73724e+24
6.58785e+24
6.90294e+24
5.04165e+24
5.27972e+24
3.70171e+24
3.87295e+24
2.56836e+24
2.68393e+24
1.64194e+24
1.71347e+24
9.22956e+23
 9.6258e+23
4.12401e+23
4.33151e+23
1.08894e+23
1.27412e+23
9.17673e+20
1.47762e+25
1.18521e+25
 1.1852e+25
1.04971e+25
1.01745e+25
8.79897e+24
8.35457e+24
7.03191e+24
6.62857e+24
 5.4085e+24
5.08287e+24
3.98649e+24
 3.7381e+24
2.77903e+24
2.59882e+24
1.78885e+24
1.66591e+24
1.01671e+24
9.39539e+23
4.62875e+23
4.19403e+23
1.26781e+23
1.05938e+23
1.02415e+22