           0            0            0
 7.34936e-20  9.52256e-20  2.89639e-05
 1.29567e-19  3.23465e-19  0.000102788
 1.67146e-19   6.5299e-19  0.000210277
 1.86555e-19  1.05066e-18  0.000340087
 1.90594e-19  1.47781e-18  0.000480856
           0            0            0
-7.82429e-21  9.31818e-20  2.82654e-05
-1.72437e-20  3.22811e-19  0.000100841
 -2.6216e-20  6.53331e-19  0.000207133
-3.48276e-20  1.05221e-18  0.000336126
-4.19514e-20  1.48158e-18  0.000476777
           0            0            0
-9.14598e-20  1.00057e-19  2.56504e-05
-1.64414e-19  3.28721e-19  9.68829e-05
-2.19887e-19  6.58109e-19  0.000202461
-2.58341e-19  1.05703e-18  0.000331078
-1.40395e-05  9.64336e-07  0.000471473