          0           0           0
          0           0 -0.00387731
          0           0 -0.00244412
          0           0 0.000408818
          0           0           0
          0           0 -0.00387731
          0           0  -0.0229504
          0           0  -0.0399369
          0           0  -0.0557618
          0           0  -0.0716157
          0           0 -0.00244412
          0           0  -0.0399369
          0           0  -0.0763965
          0           0   -0.111961
          0           0   -0.146493
          0           0 0.000408818
          0           0  -0.0557618
          0           0   -0.111961
          0           0   -0.166999
          0           0   -0.219951
          0           0           0
          0           0  -0.0716157
          0           0   -0.146493
          0           0   -0.219951
          0           0   -0.288098