  0.00641562            0   0.00520627
  0.00607721 -0.000592012   0.00484859
  0.00536943  -0.00130836   0.00375081
  0.00440415  -0.00221688   0.00207392
  0.00329734  -0.00329734   1.6746e-16
  0.00221688  -0.00440415  -0.00207392
  0.00130836  -0.00536943  -0.00375081
 0.000592012  -0.00607721  -0.00484859
           0  -0.00641562  -0.00520627
  0.00856493            0    0.0100421
   0.0081365 -0.000288162   0.00916655
  0.00694005 -0.000893178   0.00698508
  0.00532088  -0.00194286   0.00375445
  0.00351409  -0.00351409 -2.64565e-16
  0.00194286  -0.00532088  -0.00375445
 0.000893178  -0.00694005  -0.00698508
 0.000288162   -0.0081365  -0.00916655
           0  -0.00856493   -0.0100421
   0.0126239            0    0.0160435
   0.0119205 -0.000206656    0.0147195
   0.0100305 -0.000895712    0.0112114
  0.00745573  -0.00235612    0.0060082
  0.00467328  -0.00467328  6.04136e-16
  0.00235612  -0.00745573   -0.0060082
 0.000895712   -0.0100305   -0.0112114
 0.000206656   -0.0119205   -0.0147195
           0   -0.0126239   -0.0160435
   0.0191515            0    0.0231007
   0.0180383 -0.000145413    0.0212394
   0.0150579   -0.0010693     0.016191
    0.011016   -0.0032418   0.00868376
  0.00674322  -0.00674322 -1.11706e-15
   0.0032418    -0.011016  -0.00868376
   0.0010693   -0.0150579    -0.016191
 0.000145413   -0.0180383   -0.0212394
           0   -0.0191515   -0.0231007
   0.0286388            0     0.030705
   0.0269401 -0.000112665    0.0282509
   0.0223768  -0.00143514    0.0215209
   0.0162298  -0.00465921    0.0115423
  0.00985849  -0.00985849 -2.76683e-17
  0.00465921   -0.0162298   -0.0115423
  0.00143514   -0.0223768   -0.0215209
 0.000112665   -0.0269401   -0.0282509
           0   -0.0286388    -0.030705
   0.0414572            0    0.0381399
    0.038935 -0.000178835    0.0350747
   0.0321922  -0.00213069    0.0266726
    0.023279  -0.00680895     0.014276
   0.0142112   -0.0142112 -2.30212e-16
  0.00680895    -0.023279    -0.014276
  0.00213069   -0.0321922   -0.0266726
 0.000178835    -0.038935   -0.0350747
           0   -0.0414572   -0.0381399
   0.0578172            0     0.044523
   0.0540569 -0.000503717    0.0408948
   0.0444661  -0.00345577    0.0309973
   0.0322119   -0.0099984    0.0165498
   0.0200097   -0.0200097  3.34783e-16
   0.0099984   -0.0322119   -0.0165498
  0.00345577   -0.0444661   -0.0309973
 0.000503717   -0.0540569   -0.0408948
           0   -0.0578172    -0.044523
   0.0777405            0    0.0487937
   0.0719051  -0.00140272    0.0448119
   0.0588853  -0.00591171    0.0338592
   0.0430023   -0.0147453    0.0180389
   0.0275499   -0.0275499  2.94723e-16
   0.0147453   -0.0430023   -0.0180389
  0.00591171   -0.0588853   -0.0338592
  0.00140272   -0.0719051   -0.0448119
           0   -0.0777405   -0.0487937
    0.100813            0    0.0496218
   0.0916506  -0.00360649    0.0459808
   0.0751227   -0.0105475     0.034732
   0.0558426   -0.0221134     0.018528
   0.0375589   -0.0375589 -6.05791e-16
   0.0221134   -0.0558426    -0.018528
   0.0105475   -0.0751227    -0.034732
  0.00360649   -0.0916506   -0.0459808
           0    -0.100813   -0.0496218