0.356641
0.267411
 0.18904
0.258681
0.459567
0.258681
 0.18904
0.267411
0.356641
0.479097
0.383621
0.293258
0.246335
0.374586
0.246335
0.293258
0.383621
0.479097
0.523214
0.460587
0.367641
0.302902
0.365092
0.302902
0.367641
0.460587
0.523214
0.572859
0.519645
0.444088
0.391635
0.428314
0.391635
0.444088
0.519645
0.572859
0.644679
0.595053
0.528793
0.486434
 0.51142
0.486434
0.528793
0.595053
0.644679
0.730789
0.682571
0.614111
0.573361
0.591229
0.573361
0.614111
0.682571
0.730789
0.831441
0.762252
0.679137
 0.63306
0.648613
 0.63306
0.679137
0.762252
0.831441
0.930239
0.793207
0.685868
0.630242
0.632343
0.630242
0.685868
0.793207
0.930239
 1.12265
0.925509
0.758507
0.685022
0.643884
0.685022
0.758507
0.925509
 1.12265