           0            0            0
           0            0            0
           0            0            0
           0            0            0
 1.03379e-11  7.91441e-08 -3.03442e-07
-5.60196e-11  7.65049e-08 -2.92527e-07
-3.72783e-11  7.79969e-08 -2.97983e-07
           0            0            0
-5.81526e-09 -9.37961e-07  -3.0351e-07
-5.88946e-09 -9.23507e-07 -2.97927e-07
-6.09441e-09 -9.28973e-07 -2.92156e-07
 -1.1733e-08 -2.15551e-06 -2.97858e-07
-5.79672e-09  -9.6989e-07 -3.09237e-07
   2.218e-10  8.07438e-08 -3.09226e-07
-6.10652e-09 -9.22782e-07 -2.85868e-07
-1.20203e-08 -2.16576e-06 -2.85929e-07
-1.19597e-08 -2.16187e-06 -2.92068e-07
 -4.0389e-10  7.39513e-08 -2.85441e-07
           0            0            0
           0            0            0
           0            0            0
           0            0            0
           0            0            0
-1.16012e-08 -2.18621e-06 -3.03519e-07
 -1.1583e-08 -2.24432e-06  -3.0925e-07