           0            0            0
 1.15506e-08 -7.19677e-09 -7.05177e-10
 1.94837e-07 -6.02948e-08 -2.04301e-08
 4.29509e-07   2.8182e-07  5.21392e-08
 6.90966e-07  1.08201e-06  3.04814e-07
 9.55014e-07  2.39243e-06  8.44467e-07
 1.19833e-06  4.19255e-06  1.75847e-06
 1.39809e-06   6.4203e-06  3.10591e-06
 1.53384e-06  8.98632e-06  4.90857e-06
 1.58854e-06  1.17884e-05  7.14575e-06
 1.54961e-06  1.47259e-05  9.75269e-06
 1.41427e-06  1.77137e-05  1.26197e-05
 1.14445e-06  2.07008e-05  1.56562e-05
           0            0            0
 1.17232e-08  1.37262e-08  2.02964e-09
-5.21404e-08  2.72107e-08  3.71332e-09
-7.76802e-08  3.87191e-07  9.44319e-08
-1.02058e-07  1.21114e-06  3.76003e-07
-1.30757e-07   2.5294e-06  9.44657e-07
-1.62771e-07  4.32237e-06  1.88236e-06
-1.97241e-07  6.53175e-06   3.2448e-06
-2.33687e-07  9.07231e-06  5.05156e-06
-2.71283e-07  1.18461e-05  7.28094e-06
-3.07447e-07  1.47567e-05  9.86843e-06
-3.39019e-07   1.7723e-05  1.27066e-05
 -3.7055e-07  2.06961e-05  1.56746e-05
           0            0            0
  1.2469e-08 -6.03826e-08 -7.03826e-09
-1.01429e-07 -7.73063e-08 -2.55742e-08
-3.07511e-07  2.66841e-07  4.14339e-08
-5.78922e-07  1.08953e-06  3.01289e-07
-8.83927e-07  2.41832e-06  8.54123e-07
-1.19483e-06   4.2304e-06  1.78491e-06
-1.48602e-06  6.46362e-06  3.15111e-06
-1.73422e-06  9.02852e-06  4.97249e-06
-1.91908e-06  1.18229e-05  7.22518e-06
-2.02249e-06  1.47464e-05  9.83772e-06
-2.02034e-06  1.77196e-05  1.27166e-05
-1.91892e-06  2.06887e-05  1.56703e-05