          0           0           0
          0           0 2.87068e-05
          0           0 0.000101261
          0           0 0.000206926
          0           0 0.000334549
          0           0 0.000472922
          0           0           0
          0           0 2.76502e-05
          0           0 9.84822e-05
          0           0 0.000202471
          0           0 0.000328919
          0           0 0.000467041
          0           0           0
          0           0 2.40404e-05
          0           0 9.29938e-05
          0           0  0.00019597
          0           0  0.00032189
          0           0 0.000459725