  0.00140087 -7.47015e-15   0.00408182
  0.00131629 -8.61649e-06   0.00376053
  0.00110324 -7.35715e-05   0.00288716
 0.000809703 -0.000231066   0.00158133
 0.000491928 -0.000491928  2.95851e-15
 0.000231066 -0.000809703  -0.00158133
 7.35715e-05  -0.00110324  -0.00288716
 8.61649e-06  -0.00131629  -0.00376053
 3.80725e-15  -0.00140087  -0.00408182
-8.61649e-06  -0.00131629  -0.00376053
-7.35715e-05  -0.00110324  -0.00288716
-0.000231066 -0.000809703  -0.00158133
-0.000491928 -0.000491928  1.14737e-14
-0.000809703 -0.000231066   0.00158133
 -0.00110324 -7.35715e-05   0.00288716
 -0.00131629 -8.61649e-06   0.00376053
 -0.00140087 -3.56535e-15   0.00408182
 -0.00131629  8.61649e-06   0.00376053
 -0.00110324  7.35715e-05   0.00288716
-0.000809703  0.000231066   0.00158133
-0.000491928  0.000491928   2.9642e-15
-0.000231066  0.000809703  -0.00158133
-7.35715e-05   0.00110324  -0.00288716
-8.61649e-06   0.00131629  -0.00376053
 6.83167e-15   0.00140087  -0.00408182
 8.61649e-06   0.00131629  -0.00376053
 7.35715e-05   0.00110324  -0.00288716
 0.000231066  0.000809703  -0.00158133
 0.000491928  0.000491928  9.97816e-15
 0.000809703  0.000231066   0.00158133
  0.00110324  7.35715e-05   0.00288716
  0.00131629  8.61649e-06   0.00376053
  0.00260699 -7.05737e-15   0.00699158
  0.00245605 -1.45366e-05   0.00645484
  0.00205081  -0.00013768   0.00493912
  0.00149249 -0.000435527    0.0026771
 0.000912082 -0.000912082  5.63599e-15
 0.000435527  -0.00149249   -0.0026771
  0.00013768  -0.00205081  -0.00493912
 1.45366e-05  -0.00245605  -0.00645484
 4.87495e-15  -0.00260699  -0.00699158
-1.45366e-05  -0.00245605  -0.00645484
 -0.00013768  -0.00205081  -0.00493912
-0.000435527  -0.00149249   -0.0026771
-0.000912082 -0.000912082  6.02117e-15
 -0.00149249 -0.000435527    0.0026771
 -0.00205081  -0.00013768   0.00493912
 -0.00245605 -1.45366e-05   0.00645484
 -0.00260699 -4.20197e-15   0.00699158
 -0.00245605  1.45366e-05   0.00645484
 -0.00205081   0.00013768   0.00493912
 -0.00149249  0.000435527    0.0026771
-0.000912082  0.000912082  3.87103e-15
-0.000435527   0.00149249   -0.0026771
 -0.00013768   0.00205081  -0.00493912
-1.45366e-05   0.00245605  -0.00645484
 6.45329e-15   0.00260699  -0.00699158
 1.45366e-05   0.00245605  -0.00645484
  0.00013768   0.00205081  -0.00493912
 0.000435527   0.00149249   -0.0026771
 0.000912082  0.000912082  9.90275e-15
  0.00149249  0.000435527    0.0026771
  0.00205081   0.00013768   0.00493912
  0.00245605  1.45366e-05   0.00645484
  0.00533272 -6.93584e-15    0.0114381
  0.00502637 -3.03338e-05    0.0105624
   0.0041931 -0.000283696     0.008077
  0.00304648 -0.000895967   0.00436648
  0.00186578  -0.00186578  6.84088e-15
 0.000895967  -0.00304648  -0.00436648
 0.000283696   -0.0041931    -0.008077
 3.03338e-05  -0.00502637   -0.0105624
 5.74134e-15  -0.00533272   -0.0114381
-3.03338e-05  -0.00502637   -0.0105624
-0.000283696   -0.0041931    -0.008077
-0.000895967  -0.00304648  -0.00436648
 -0.00186578  -0.00186578  4.09553e-15
 -0.00304648 -0.000895967   0.00436648
  -0.0041931 -0.000283696     0.008077
 -0.00502637 -3.03338e-05    0.0105624
 -0.00533272 -4.60238e-15    0.0114381
 -0.00502637  3.03338e-05    0.0105624
  -0.0041931  0.000283696     0.008077
 -0.00304648  0.000895967   0.00436648
 -0.00186578   0.00186578  4.40032e-15
-0.000895967   0.00304648  -0.00436648
-0.000283696    0.0041931    -0.008077
-3.03338e-05   0.00502637   -0.0105624
 6.40945e-15   0.00533272   -0.0114381
 3.03338e-05   0.00502637   -0.0105624
 0.000283696    0.0041931    -0.008077
 0.000895967   0.00304648  -0.00436648
  0.00186578   0.00186578  9.01909e-15
  0.00304648  0.000895967   0.00436648
   0.0041931  0.000283696     0.008077
  0.00502637  3.03338e-05    0.0105624
  0.00999308 -6.84331e-15    0.0168938
  0.00941454 -5.71869e-05    0.0155946
  0.00784209 -0.000533631    0.0119146
  0.00569816  -0.00168111   0.00643775
  0.00349097  -0.00349097   7.0823e-15
  0.00168111  -0.00569816  -0.00643775
 0.000533631  -0.00784209   -0.0119146
 5.71869e-05  -0.00941454   -0.0155946
 6.44919e-15  -0.00999308   -0.0168938
-5.71869e-05  -0.00941454   -0.0155946
-0.000533631  -0.00784209   -0.0119146
 -0.00168111  -0.00569816  -0.00643775
 -0.00349097  -0.00349097  3.08411e-15
 -0.00569816  -0.00168111   0.00643775
 -0.00784209 -0.000533631    0.0119146
 -0.00941454 -5.71869e-05    0.0155946
 -0.00999308 -4.86675e-15    0.0168938
 -0.00941454  5.71869e-05    0.0155946
 -0.00784209  0.000533631    0.0119146
 -0.00569816   0.00168111   0.00643775
 -0.00349097   0.00349097  4.51461e-15
 -0.00168111   0.00569816  -0.00643775
-0.000533631   0.00784209   -0.0119146
-5.71869e-05   0.00941454   -0.0155946
 6.45466e-15   0.00999308   -0.0168938
 5.71869e-05   0.00941454   -0.0155946
 0.000533631   0.00784209   -0.0119146
  0.00168111   0.00569816  -0.00643775
  0.00349097   0.00349097  7.60876e-15
  0.00569816   0.00168111   0.00643775
  0.00784209  0.000533631    0.0119146
  0.00941454  5.71869e-05    0.0155946
   0.0170551 -6.64294e-15    0.0229256
   0.0160484 -9.90169e-05    0.0211483
   0.0133436 -0.000920531    0.0161274
  0.00968012  -0.00287675   0.00869987
  0.00594316  -0.00594316  6.52342e-15
  0.00287675  -0.00968012  -0.00869987
 0.000920531   -0.0133436   -0.0161274
 9.90169e-05   -0.0160484   -0.0211483
 6.94519e-15   -0.0170551   -0.0229256
-9.90169e-05   -0.0160484   -0.0211483
-0.000920531   -0.0133436   -0.0161274
 -0.00287675  -0.00968012  -0.00869987
 -0.00594316  -0.00594316  2.35067e-15
 -0.00968012  -0.00287675   0.00869987
  -0.0133436 -0.000920531    0.0161274
  -0.0160484 -9.90169e-05    0.0211483
  -0.0170551 -4.97019e-15    0.0229256
  -0.0160484  9.90169e-05    0.0211483
  -0.0133436  0.000920531    0.0161274
 -0.00968012   0.00287675   0.00869987
 -0.00594316   0.00594316  4.22305e-15
 -0.00287675   0.00968012  -0.00869987
-0.000920531    0.0133436   -0.0161274
-9.90169e-05    0.0160484   -0.0211483
  6.3833e-15    0.0170551   -0.0229256
 9.90169e-05    0.0160484   -0.0211483
 0.000920531    0.0133436   -0.0161274
  0.00287675   0.00968012  -0.00869987
  0.00594316   0.00594316  5.55761e-15
  0.00968012   0.00287675   0.00869987
   0.0133436  0.000920531    0.0161274
   0.0160484  9.90169e-05    0.0211483
   0.0270698 -6.13174e-15    0.0290629
   0.0254081  -0.00016367    0.0267646
   0.0210431  -0.00148736    0.0203562
   0.0152502    -0.004587    0.0109532
   0.0093937   -0.0093937  5.18504e-15
    0.004587   -0.0152502   -0.0109532
  0.00148736   -0.0210431   -0.0203562
  0.00016367   -0.0254081   -0.0267646
 7.02113e-15   -0.0270698   -0.0290629
 -0.00016367   -0.0254081   -0.0267646
 -0.00148736   -0.0210431   -0.0203562
   -0.004587   -0.0152502   -0.0109532
  -0.0093937   -0.0093937  1.33858e-15
  -0.0152502    -0.004587    0.0109532
  -0.0210431  -0.00148736    0.0203562
  -0.0254081  -0.00016367    0.0267646
  -0.0270698 -4.79791e-15    0.0290629
  -0.0254081   0.00016367    0.0267646
  -0.0210431   0.00148736    0.0203562
  -0.0152502     0.004587    0.0109532
  -0.0093937    0.0093937  3.54355e-15
   -0.004587    0.0152502   -0.0109532
 -0.00148736    0.0210431   -0.0203562
 -0.00016367    0.0254081   -0.0267646
 6.03332e-15    0.0270698   -0.0290629
  0.00016367    0.0254081   -0.0267646
  0.00148736    0.0210431   -0.0203562
    0.004587    0.0152502   -0.0109532
   0.0093937    0.0093937  2.69308e-15
   0.0152502     0.004587    0.0109532
   0.0210431   0.00148736    0.0203562
   0.0254081   0.00016367    0.0267646
   0.0407161  -5.1176e-15    0.0347189
    0.038026  -0.00026547    0.0318818
   0.0312976  -0.00230466    0.0241516
   0.0226208  -0.00694385    0.0129518
   0.0140116   -0.0140116  3.19954e-15
  0.00694385   -0.0226208   -0.0129518
  0.00230466   -0.0312976   -0.0241516
  0.00026547    -0.038026   -0.0318818
 6.34744e-15   -0.0407161   -0.0347189
 -0.00026547    -0.038026   -0.0318818
 -0.00230466   -0.0312976   -0.0241516
 -0.00694385   -0.0226208   -0.0129518
  -0.0140116   -0.0140116 -7.28274e-16
  -0.0226208  -0.00694385    0.0129518
  -0.0312976  -0.00230466    0.0241516
   -0.038026  -0.00026547    0.0318818
  -0.0407161 -4.13724e-15    0.0347189
   -0.038026   0.00026547    0.0318818
  -0.0312976   0.00230466    0.0241516
  -0.0226208   0.00694385    0.0129518
  -0.0140116    0.0140116  2.56173e-15
 -0.00694385    0.0226208   -0.0129518
 -0.00230466    0.0312976   -0.0241516
 -0.00026547     0.038026   -0.0318818
 5.14866e-15    0.0407161   -0.0347189
  0.00026547     0.038026   -0.0318818
  0.00230466    0.0312976   -0.0241516
  0.00694385    0.0226208   -0.0129518
   0.0140116    0.0140116 -1.16131e-15
   0.0226208   0.00694385    0.0129518
   0.0312976   0.00230466    0.0241516
    0.038026   0.00026547    0.0318818
   0.0590111 -3.26531e-15    0.0391071
   0.0545144 -0.000441662    0.0357524
   0.0444344  -0.00349769    0.0269519
   0.0320092   -0.0101426    0.0143966
   0.0199965   -0.0199965  5.18772e-16
   0.0101426   -0.0320092   -0.0143966
  0.00349769   -0.0444344   -0.0269519
 0.000441662   -0.0545144   -0.0357524
  4.3552e-15   -0.0590111   -0.0391071
-0.000441662   -0.0545144   -0.0357524
 -0.00349769   -0.0444344   -0.0269519
  -0.0101426   -0.0320092   -0.0143966
  -0.0199965   -0.0199965 -4.03951e-15
  -0.0320092   -0.0101426    0.0143966
  -0.0444344  -0.00349769    0.0269519
  -0.0545144 -0.000441662    0.0357524
  -0.0590111 -2.70593e-15    0.0391071
  -0.0545144  0.000441662    0.0357524
  -0.0444344   0.00349769    0.0269519
  -0.0320092    0.0101426    0.0143966
  -0.0199965    0.0199965  1.12929e-15
  -0.0101426    0.0320092   -0.0143966
 -0.00349769    0.0444344   -0.0269519
-0.000441662    0.0545144   -0.0357524
 3.35091e-15    0.0590111   -0.0391071
 0.000441662    0.0545144   -0.0357524
  0.00349769    0.0444344   -0.0269519
   0.0101426    0.0320092   -0.0143966
   0.0199965    0.0199965  -5.4704e-15
   0.0320092    0.0101426    0.0143966
   0.0444344   0.00349769    0.0269519
   0.0545144  0.000441662    0.0357524
   0.0836818            0    0.0410457
    0.075478 -0.000810883    0.0373686
   0.0606723  -0.00530371    0.0280813
   0.0434655   -0.0145006    0.0149589
   0.0275608   -0.0275608 -1.53206e-15
   0.0145006   -0.0434655   -0.0149589
  0.00530371   -0.0606723   -0.0280813
 0.000810883    -0.075478   -0.0373686
           0   -0.0836818   -0.0410457
-0.000810883    -0.075478   -0.0373686
 -0.00530371   -0.0606723   -0.0280813
  -0.0145006   -0.0434655   -0.0149589
  -0.0275608   -0.0275608 -6.99636e-15
  -0.0434655   -0.0145006    0.0149589
  -0.0606723  -0.00530371    0.0280813
   -0.075478 -0.000810883    0.0373686
  -0.0836818            0    0.0410457
   -0.075478  0.000810883    0.0373686
  -0.0606723   0.00530371    0.0280813
  -0.0434655    0.0145006    0.0149589
  -0.0275608    0.0275608 -6.99781e-17
  -0.0145006    0.0434655   -0.0149589
 -0.00530371    0.0606723   -0.0280813
-0.000810883     0.075478   -0.0373686
           0    0.0836818   -0.0410457
 0.000810883     0.075478   -0.0373686
  0.00530371    0.0606723   -0.0280813
   0.0145006    0.0434655   -0.0149589
   0.0275608    0.0275608 -8.31679e-15
   0.0434655    0.0145006    0.0149589
   0.0606723   0.00530371    0.0280813
    0.075478  0.000810883    0.0373686