73934.4
64943.2
49117.2
42142.8
46826.6
42142.8
49117.2
64943.2
73934.4
64943.2
49117.2
42142.8
46826.6
42142.8
49117.2
64943.2
73934.4
64943.2
49117.2
42142.8
46826.6
42142.8
49117.2
64943.2
73934.4
64943.2
49117.2
42142.8
46826.6
42142.8
49117.2
64943.2
74739.2
  71786
62186.4
57036.7
58368.6
57036.7
62186.4
  71786
74739.2
  71786
62186.4
57036.7
58368.6
57036.7
62186.4
  71786
74739.2
  71786
62186.4
57036.7
58368.6
57036.7
62186.4
  71786
74739.2
  71786
62186.4
57036.7
58368.6
57036.7
62186.4
  71786
  73049
72101.2
67817.4
69198.8
79475.9
69198.8
67817.4
72101.2
  73049
72101.2
67817.4
69198.8
79475.9
69198.8
67817.4
72101.2
  73049
72101.2
67817.4
69198.8
79475.9
69198.8
67817.4
72101.2
  73049
72101.2
67817.4
69198.8
79475.9
69198.8
67817.4
72101.2
80645.3
77809.1
74969.4
77673.6
  87561
77673.6
74969.4
77809.1
80645.3
77809.1
74969.4
77673.6
  87561
77673.6
74969.4
77809.1
80645.3
77809.1
74969.4
77673.6
  87561
77673.6
74969.4
77809.1
80645.3
77809.1
74969.4
77673.6
  87561
77673.6
74969.4
77809.1
94693.9
  89297
  85912
88514.2
96833.6
88514.2
  85912
  89297
94693.9
  89297
  85912
88514.2
96833.6
88514.2
  85912
  89297
94693.9
  89297
  85912
88514.2
96833.6
88514.2
  85912
  89297
94693.9
  89297
  85912
88514.2
96833.6
88514.2
  85912
  89297
 117104
 107381
 101975
 102699
 109591
 102699
 101975
 107381
 117104
 107381
 101975
 102699
 109591
 102699
 101975
 107381
 117104
 107381
 101975
 102699
 109591
 102699
 101975
 107381
 117104
 107381
 101975
 102699
 109591
 102699
 101975
 107381
 154286
 135421
 124939
 121995
 126567
 121995
 124939
 135421
 154286
 135421
 124939
 121995
 126567
 121995
 124939
 135421
 154286
 135421
 124939
 121995
 126567
 121995
 124939
 135421
 154286
 135421
 124939
 121995
 126567
 121995
 124939
 135421
 220926
 184993
 166228
 154591
 147729
 154591
 166228
 184993
 220926
 184993
 166228
 154591
 147729
 154591
 166228
 184993
 220926
 184993
 166228
 154591
 147729
 154591
 166228
 184993
 220926
 184993
 166228
 154591
 147729
 154591
 166228
 184993
 262225
 234756
 207625
 193619
 182777
 193619
 207625
 234756
 262225
 234756
 207625
 193619
 182777
 193619
 207625
 234756
 262225
 234756
 207625
 193619
 182777
 193619
 207625
 234756
 262225
 234756
 207625
 193619
 182777
 193619
 207625
 234756